RTT
0.0267193
0.0304247
0.0314417
0.0316517
0.0318708
0.0323958
0.034086
0.03556
0.0375852
0.0377592
0.0381283
0.0383023
0.0385574
0.00414789
0.00490794
0.00518099
0.00539104
0.00564606
0.00582008
0.00599412
0.00617717
0.0064052
0.00667823
0.00690626
0.00705329
0.00722731
0.00466589
0.00481296
0.005023
0.00544105
0.00559708
0.0058701
0.00627215
0.00676717
0.0071902
0.00743624
0.00768228
0.00792832
0.00811136
0.00332946
0.00363254
0.00411866
0.00437368
0.00456569
0.00490475
0.00506077
0.0052798
0.00550784
0.00614389
0.00640794
0.00657298
0.00675601
0.00423157
0.00510262
0.00527665
0.00554967
0.00569671
0.00636077
0.00652581
0.00680785
0.00702688
0.0071919
0.00743794
0.00765697
0.00793899
0.00381753
0.0042286
0.00476068
0.00503371
0.00518073
0.00545379
0.00569984
0.00595488
0.0061559
0.00638392
0.00695694
0.00718496
0.00734998
0.00200926
0.00329444
0.00384155
0.00436362
0.00479067
0.0050277
0.00542976
0.0056848
0.00623784
0.00658688
0.00675191
0.00691693
0.00781103
0.00377853
0.00396157
0.00416262
0.00439965
0.00455567
0.00478369
0.00495771
0.00519475
0.0054048
0.00564186
0.00586989
0.00602592
0.00619095
0.00481652
0.00501757
0.00518261
0.00538364
0.00553066
0.00572271
0.00594175
0.00619679
0.00640683
0.00663486
0.00689888
0.0070819
0.00723793
0.000981101
0.00319242
0.00353147
0.00388248
0.00512264
0.00535068
0.00554271
0.00572574
0.00595377
0.0062358
0.00645485
0.00677592
0.00733397
0.00293048
0.00384056
0.00439864
0.00481668
0.00507172
0.00528177
0.0055188
0.00577384
0.00603788
0.0066089
0.00684594
0.00702898
0.00786004
0.00131719
0.00385953
0.00408758
0.00424362
0.00450765
0.00474469
0.00490072
0.00516476
0.00544679
0.0060198
0.00621183
0.00640388
0.00668593
0.000963029
0.00390647
0.00427253
0.00455458
0.00470165
0.0049477
0.00509474
0.00531376
0.00557779
0.00573381
0.00598883
0.00657085
0.00678988
0.00346249
0.00379254
0.00397557
0.00414061
0.00430565
0.0045697
0.00473474
0.00492678
0.00516381
0.00542783
0.00557486
0.0061839
0.00638495
0.00159017
0.00353647
0.00381851
0.00404655
0.00426557
0.00444859
0.00473062
0.00490465
0.00509667
0.00534272
0.00553477
0.0057988
0.00603585
0.00405854
0.00430456
0.00445159
0.00465264
0.00486269
0.00505471
0.00528274
0.00549278
0.00571184
0.00591288
0.0061139
0.00629692
0.00656096
0.00315539
0.00336543
0.00374147
0.00398753
0.00437157
0.0045366
0.00481864
0.00505567
0.00529268
0.00607672
0.00625077
0.00693782
0.00882188
0.00377157
0.00394561
0.00422765
0.00450968
0.0047377
0.00496571
0.00521176
0.00549382
0.00566786
0.0060339
0.00666994
0.00687997
0.007054
0.00266941
0.00389555
0.0040876
0.00429763
0.00444465
0.00464569
0.00479274
0.00498476
0.00517679
0.00542282
0.00637989
0.00658993
0.00674597
0.00131614
0.00335943
0.00371649
0.00426356
0.00459361
0.00478565
0.0049867
0.00521474
0.00614384
0.00630887
0.00672891
0.00733796
0.007575
0.00354745
0.00377547
0.00394949
0.00417753
0.00449859
0.00493465
0.00510868
0.0052917
0.00543873
0.00561276
0.00579581
0.00607786
0.00698693
1.00722
0.95722
0.907233
0.00322753
0.00347356
0.00376763
0.00463871
0.00481275
0.00520582
0.00536185
0.00551789
0.00566492
0.00585694
0.00603997
0.00624103
0.00690109
0.00742311
0.0016273
0.00381758
0.00398261
0.00415663
0.00436665
0.0047057
0.00488873
0.00509877
0.00545584
0.00568386
0.00590289
0.00661095
0.00682099
0.00710304
0.00320842
0.00467057
0.00507265
0.0054387
0.00565773
0.00591278
0.00638984
0.00671388
0.0069509
0.00709791
0.00737093
0.00758097
0.00783601
0.00809104
0.00295852
0.00348063
0.00370867
0.00390969
0.00411972
0.00513477
0.0052998
0.00549183
0.00567487
0.00595689
0.00610393
0.00630496
0.00652399
0.00668002
0.00323944
0.00356049
0.00413459
0.00462065
0.00481266
0.00534068
0.00557773
0.00573377
0.00588981
0.00609985
0.00625589
0.00650194
0.00675699
0.00701202
0.00387558
0.00426863
0.00443366
0.0048357
0.00509972
0.00529174
0.00552878
0.0057658
0.00592185
0.00619489
0.00638693
0.00686999
0.00713403
0.00732605
0.000669023
0.00388052
0.00443861
0.00462164
0.00497968
0.00534871
0.00558576
0.00580481
0.00604184
0.00626987
0.0064529
0.00670793
0.00693596
0.00766801
0.00326643
0.00341347
0.00405359
0.00440165
0.00476771
0.00498676
0.00554879
0.00609788
0.00624492
0.00649996
0.006782
0.00705502
0.00780804
0.00797308
0.00445952
0.00467854
0.00508759
0.00526164
0.0054267
0.00569975
0.00596378
0.00615581
0.00632085
0.0065129
0.00679492
0.00704094
0.00731396
0.00781799
0.000987142
0.00370356
0.00401562
0.00419867
0.00488575
0.00507778
0.00526982
0.00549786
0.00565388
0.0058819
0.00610094
0.00685396
0.00712698
0.007346
0.000837099
0.00460162
0.00476665
0.00491367
0.00516872
0.00536976
0.00558879
0.00578082
0.00597285
0.00614687
0.0063029
0.00671396
0.00735002
0.00752405
0.00344358
0.00384566
0.00404669
0.00431071
0.00457474
0.00480279
0.00501282
0.00529485
0.00555889
0.00584092
0.00646793
0.00670495
0.00690598
0.00717905
0.00377358
0.00532171
0.00556773
0.00578675
0.00601478
0.00629682
0.00648885
0.00676188
0.0069269
0.00711892
0.00728395
0.00753
0.00780305
0.00838809
0.00139529
0.00308655
0.00324258
0.00366263
0.0040197
0.00421172
0.00457577
0.00499585
0.00518789
0.00546094
0.00623198
0.006496
0.00669704
0.00692508
0.00300255
0.00419469
0.00459072
0.00485476
0.00549782
0.00577087
0.00603489
0.00621791
0.00639195
0.00653899
0.00670401
0.00686005
0.00711509
0.00729811
0.00367461
0.00403268
0.00443472
0.00466276
0.0048638
0.00511884
0.00530188
0.00563194
0.00585098
0.00621703
0.00636405
0.00699107
0.0071921
0.00744713
0.00252558
0.00321277
0.00343182
0.00377086
0.00391789
0.00430193
0.00446695
0.00473998
0.00557401
0.00583804
0.00604809
0.00627615
0.00648618
0.0067322
0.00356472
0.00480279
0.00500383
0.00522287
0.00547791
0.00570596
0.00588001
0.00611703
0.00638105
0.00664507
0.00688209
0.00714611
0.00741915
0.00759319
0.00400575
0.0042338
0.00444383
0.00475587
0.00492091
0.00506793
0.00534097
0.00615499
0.00635601
0.00663805
0.0068841
0.00713015
0.00763018
0.0078312
0.00143145
0.0132213
0.0136263
0.0138453
0.0144314
0.0147524
0.0209725
0.0211555
0.0213745
0.0215666
0.0217226
0.0218786
0.0221247
0.0222987
0.0401214
0.0403704
0.0409454
0.0437135
0.0439715
0.0441635
0.0444455
0.0447715
0.0469396
0.0473316
0.0475706
0.0481886
0.0484077
0.00300311
0.00319514
0.00357021
0.00392729
0.0048524
0.00501742
0.00529045
0.00544648
0.0057015
0.00593852
0.00621154
0.00648456
0.00664959
0.00691364
0.00460153
0.00480554
0.00611562
0.00686872
0.00747482
0.00818089
0.00839992
0.00855596
0.00941201
0.00994003
0.010099
0.0103451
0.0104921
0.0114222
0.0116872
0.0119452
0.0121913
0.0123473
0.0125123
0.0127043
0.0129144
0.0131634
0.0133584
0.0135504
0.0137064
0.0139345
0.0141445
0.00329498
0.00386008
0.00413312
0.0047392
0.00512425
0.00540628
0.00607131
0.00624534
0.00641937
0.0066024
0.00707043
0.00721748
0.00755052
0.00779654
0.0083338
0.00848083
0.00868185
0.00911591
0.00959194
0.01015
0.010532
0.0109431
0.0111711
0.0114721
0.0117961
0.0121152
0.0123552
0.0125112
0.0126763
0.0128953
0.0131593
0.0135894
0.0141794
0.0145164
0.0147744
0.0149694
0.0153475
0.0155215
0.0158725
0.0160316
0.0166886
0.00463219
0.00510924
0.0053103
0.00552934
0.00570338
0.00598542
0.00616845
0.00639648
0.00666053
0.00691558
0.00717961
0.00742563
0.00760864
0.00822067
0.00611678
0.00652782
0.00688284
0.00728487
0.00780694
0.00798098
0.00825399
0.00846401
0.00881903
0.00931705
0.00955708
0.00992611
0.0100941
0.0103551
0.0105412
0.0107242
0.0109792
0.0112433
0.0114623
0.0116363
0.0126914
0.0129704
0.0131294
0.0133034
0.0134774
0.0136514
0.0139405
0.00175173
0.00323594
0.00344597
0.003611
0.00409709
0.00436113
0.00461616
0.0048532
0.00503622
0.00527326
0.0054293
0.00557633
0.00632035
0.00646739
0.00544467
0.00627277
0.00646778
0.00722186
0.0074139
0.00765194
0.00785597
0.008039
0.00836004
0.00858808
0.00889114
0.00905618
0.00930222
0.00951223
0.00989625
0.0101413
0.0104923
0.0113723
0.0116803
0.0119114
0.0120764
0.0123314
0.0125954
0.0128775
0.0131055
0.0134405
0.0136355
0.00305495
0.003421
0.00379604
0.00413512
0.0045282
0.00503924
0.00525828
0.0055043
0.00570533
0.00631435
0.00648837
0.0066444
0.00684547
0.00849554
0.0111498
0.0113959
0.0115609
0.012261
0.012636
0.0130261
0.0131941
0.0133952
0.0135512
0.0138062
0.0139712
0.0141903
0.0146013
0.0148773
0.0150633
0.0152913
0.0155013
0.0156484
0.0163754
0.0167194
0.0172284
0.0181935
0.0184565
0.0186695
0.0188615
0.0191155
0.0193106
0.0017468
0.00267501
0.00392418
0.00426324
0.00450927
0.00466529
0.00491131
0.00508534
0.0053134
0.00546043
0.00567045
0.00592549
0.00659755
0.00675359
0.00576067
0.0060887
0.00721579
0.00771088
0.00811293
0.00826897
0.00844303
0.00886308
0.00927412
0.00963115
0.00984119
0.0100902
0.0103212
0.0105582
0.0111323
0.0113363
0.0115493
0.0123053
0.0125513
0.0127574
0.0130904
0.0132674
0.0134414
0.0136814
0.0138494
0.0140865
0.0156195
0.000717598
0.00134165
0.00419004
0.0045381
0.00475715
0.00494919
0.00520421
0.00562425
0.00590627
0.00615229
0.00646434
0.00712738
0.00732841
0.00752044
0.00954287
0.00968991
0.00990895
0.010074
0.010266
0.0104221
0.0106141
0.0108501
0.0110631
0.0115062
0.0117282
0.0118842
0.0121482
0.0123133
0.0125953
0.0128593
0.0131233
0.0135434
0.0138694
0.0141984
0.0143934
0.0145674
0.0147235
0.0149155
0.0156615
0.0158835
0.0161026
0.0015418
0.00357905
0.00374408
0.00395412
0.00411915
0.00451021
0.0050693
0.00522534
0.00538138
0.00553743
0.00617345
0.00638349
0.00653955
0.00781159
0.00852378
0.00888984
0.00927388
0.0095289
0.00967593
0.00983197
0.01018
0.0103451
0.0105371
0.0108101
0.0111221
0.0113461
0.0116402
0.0118772
0.0121592
0.0123702
0.0127102
0.0129962
0.0131823
0.0134113
0.0136603
0.0138703
0.0145224
0.0147144
0.0148704
0.0150534
0.0152995
0.00416404
0.00434706
0.00451209
0.00475812
0.00491415
0.00511518
0.00528921
0.00553524
0.00569127
0.00593729
0.00619233
0.00644736
0.0067204
0.00688546
0.00543862
0.00646872
0.00666076
0.0070798
0.00740383
0.00765886
0.00792289
0.00831592
0.00856196
0.00906605
0.00923109
0.00947711
0.00966913
0.00983414
0.0100532
0.0103252
0.0112372
0.0114382
0.0117112
0.0119013
0.0121113
0.0122763
0.0124803
0.0126933
0.0129304
0.0131764
0.0134304
0.00146964
0.00432497
0.00447201
0.00480208
0.00504813
0.00530316
0.00547719
0.00571422
0.00610726
0.0064943
0.00666834
0.00703738
0.0072654
0.00754742
0.0051347
0.00754987
0.00780488
0.00798791
0.00814394
0.00840695
0.00858398
0.00874001
0.00906103
0.00930004
0.00949507
0.00976811
0.0100231
0.0102962
0.0105402
0.0107922
0.0109872
0.0112662
0.0114612
0.0116803
0.0121733
0.0124194
0.0127014
0.0129654
0.0136705
0.0142915
0.0163465
1.0379
1.03826
1.03853
0.938536
0.838549
0.00130685
0.00428116
0.00443719
0.00461124
0.00489329
0.00512133
0.00557135
0.0057454
0.00600043
0.00618346
0.0063845
0.00658553
0.00676855
0.00696957
0.00342554
0.00631976
0.00671281
0.00701586
0.00763592
0.00784894
0.00807697
0.00848801
0.00866207
0.0088091
0.00909112
0.00963816
0.00994417
0.0103582
0.0105842
0.0108572
0.0111033
0.0112773
0.0115053
0.0127904
0.0130124
0.0133724
0.0135854
0.0138314
0.0139874
0.0142605
0.0144975
0.0150135
0.0152355
0.0157755
0.00220388
0.00387507
0.00435015
0.00477017
0.00523619
0.00550023
0.00577326
0.00604631
0.00664636
0.0068294
0.00704842
0.00724944
0.00746848
0.00879454
0.00908492
0.00931596
0.009463
0.00969104
0.0100661
0.0102221
0.0105011
0.0107052
0.0109152
0.0111252
0.0113713
0.0116353
0.0119653
0.0122713
0.0125653
0.0127573
0.0130364
0.0132224
0.0135114
0.0138354
0.0140714
0.0142184
0.0144914
0.0147105
0.0148575
0.0155005
0.0157466
0.0159476
0.0161666
0.0163497
0.00254405
0.0038542
0.00418423
0.00439427
0.00458631
0.00483233
0.00503335
0.00523437
0.00544441
0.00569044
0.00588247
0.0060925
0.00680955
0.0070556
0.00591274
0.00608677
0.00754588
0.00785393
0.00827594
0.00885298
0.00904501
0.00921002
0.00940204
0.00975013
0.00995118
0.0107622
0.0110442
0.0112362
0.0114013
0.0117003
0.0119943
0.0122673
0.0125133
0.0128094
0.0130494
0.0132774
0.0134244
0.0138244
0.0140954
0.0144324
0.0148465
0.0151195
0.0158885
0.0161286
0.0035611
0.00373514
0.00391819
0.00406523
0.00423026
0.0043773
0.00464133
0.00479736
0.00507937
0.00530741
0.00599845
0.00679647
0.00696151
0.00851258
0.00547167
0.00683886
0.0070379
0.00744792
0.00781293
0.00810695
0.00828097
0.00869203
0.00886604
0.00909408
0.00951412
0.00978714
0.0101262
0.0103632
0.0106452
0.0108192
0.0111953
0.0121743
0.0124863
0.0126813
0.0128914
0.0130924
0.0133474
0.0136204
0.0138715
0.0140815
0.0142555
0.0145765
0.0147696
0.0164106
0.000821616
0.0046561
0.00488412
0.00515716
0.0053492
0.00551424
0.00576928
0.00591634
0.00608137
0.00635441
0.00661847
0.0067925
0.00698452
0.00720354
0.0102939
0.010495
0.010723
0.010906
0.011216
0.0114111
0.0115851
0.0117861
0.0120602
0.0122942
0.0125892
0.0128112
0.0130662
0.0132852
0.0135673
0.0137683
0.0140963
0.0142733
0.0144923
0.0147753
0.0150244
0.0152434
0.0154444
0.0156545
0.0158015
0.0160975
0.0162835
0.0165385
0.0167396
0.0169316
0.00379214
0.00394817
0.00413119
0.00439522
0.00464126
0.00490531
0.00516936
0.0053794
0.00558945
0.00582649
0.0060365
0.00622853
0.00639357
0.00663059
0.00631867
0.00683174
0.00735382
0.00768389
0.00788493
0.00815396
0.00840297
0.00864598
0.00920707
0.00962711
0.00979215
0.00999316
0.0101942
0.0103772
0.0106152
0.0109642
0.0112682
0.0118923
0.0121023
0.0122943
0.0124413
0.0128253
0.0130444
0.0132724
0.0135094
0.0136924
0.0138754
0.0140585
0.0142955
0.0148945
0.00168977
0.00474721
0.00492124
0.00514927
0.00534132
0.00556037
0.00582439
0.00608842
0.00628046
0.0065535
0.00682655
0.0070276
0.00720163
0.00784065
0.00628373
0.00644876
0.00774784
0.00798486
0.00822187
0.00847688
0.00877992
0.00892696
0.00924901
0.00956805
0.00986208
0.0100181
0.0104362
0.0108382
0.0112322
0.0117712
0.0120533
0.0122993
0.0124913
0.0127374
0.0130274
0.0133114
0.0135874
0.0138614
0.0140904
0.0142875
0.0144525
0.0146085
0.0148455
0.0157536
0.00293502
0.00327408
0.00364916
0.0038142
0.00398824
0.00430933
0.00447435
0.00463038
0.0047864
0.00595347
0.0061815
0.00637353
0.00654757
0.00673063
0.00525435
0.00754052
0.00793356
0.00815257
0.00837159
0.00878263
0.00893867
0.00921969
0.00942371
0.00958873
0.00975377
0.00995483
0.0101469
0.0103939
0.0106789
0.0108869
0.0111239
0.011334
0.011621
0.011798
0.012085
0.012232
0.012406
0.0127231
0.0135741
0.0138291
0.0141641
0.0145291
0.0148052
0.0149702
0.00145837
0.00432675
0.00460878
0.00479181
0.00500185
0.00528389
0.00547592
0.00564096
0.005788
0.00599801
0.00621705
0.00646308
0.00665512
0.00689217
0.0041587
0.00748602
0.00801305
0.00819009
0.00889219
0.0091142
0.00934222
0.00977924
0.0100373
0.0101933
0.0104033
0.0108213
0.0110663
0.0113154
0.0115974
0.0118254
0.0120984
0.0123795
0.0125745
0.0128205
0.0130845
0.0132405
0.0134935
0.0137486
0.0140126
0.0146946
0.0148867
0.0150837
0.0152787
0.0154437
0.00319822
0.00337225
0.00403235
0.00426938
0.00455141
0.00478845
0.00526551
0.00563456
0.0058806
0.00615364
0.00642667
0.00660969
0.00685571
0.00700273
0.0061265
0.00771456
0.0078796
0.00813462
0.00844465
0.00893168
0.00927772
0.00948175
0.00978277
0.00999579
0.0102238
0.0104968
0.0106438
0.0108179
0.0110189
0.0112699
0.0114829
0.0117109
0.011984
0.012131
0.012622
0.012889
0.0131531
0.0133451
0.0135281
0.0138102
0.0139932
0.0141672
0.0143322
0.0150752
0.00369774
0.00402779
0.00438487
0.00492494
0.00511695
0.00532697
0.00558201
0.0063541
0.00650115
0.00677418
0.00692123
0.00710426
0.00727828
0.00783631
0.00432394
0.00822429
0.0083923
0.00879333
0.00921337
0.00959541
0.00985944
0.0101425
0.0105005
0.0106775
0.0108335
0.0110796
0.0113076
0.0115626
0.0117366
0.0119647
0.0121997
0.0125847
0.0130877
0.0133168
0.0135658
0.0138208
0.0140219
0.0143519
0.0145349
0.0148069
0.0150379
0.015302
0.015485
0.016287
0.00260744
0.00277248
0.00312953
0.00333958
0.00348663
0.00365167
0.0038617
0.00408972
0.00484578
0.00507381
0.00526583
0.00543085
0.00593487
0.00662897
0.00544851
0.00593458
0.0060816
0.00689668
0.00722273
0.00737874
0.0093209
0.00946792
0.00973194
0.00999595
0.01046
0.010844
0.011126
0.0113541
0.0118001
0.0124391
0.0126782
0.0129092
0.0131722
0.0133492
0.0138873
0.0140953
0.0143323
0.0146043
0.0147994
0.0149824
0.0152375
0.0154655
0.0166475
0.0180366
0.00144473
0.00299792
0.00337999
0.00373706
0.00427712
0.00449614
0.00474218
0.00489822
0.00505424
0.00572629
0.00591834
0.00610137
0.00632939
0.00738549
0.00593721
0.00640324
0.0069903
0.00717633
0.00766241
0.00785446
0.00820252
0.00858456
0.00886658
0.0091206
0.00970766
0.00989368
0.0103137
0.0105587
0.0108257
0.0110087
0.0112008
0.0114738
0.0121568
0.0123308
0.0129278
0.0130749
0.0132669
0.0134949
0.013705
0.013933
0.014137
0.014323
0.014497
0.014752
0.00306155
0.00347262
0.00365567
0.0043227
0.00449672
0.00465274
0.00491677
0.0050728
0.00521984
0.00538488
0.00556791
0.00613195
0.00633299
0.00657001
0.0078699
0.00845693
0.00865794
0.00894495
0.00923896
0.00952098
0.009704
0.010041
0.010281
0.0105451
0.0107551
0.0109361
0.0111011
0.0113112
0.0115392
0.0117822
0.0120722
0.0122912
0.0125973
0.0128733
0.0130293
0.0132573
0.0137774
0.0139874
0.0143045
0.0146515
0.015249
0.015441
0.0156781
0.0177601
0.0020904
0.00319157
0.00356662
0.00427571
0.00447673
0.00470475
0.00535382
0.00588787
0.00625391
0.00640095
0.00662898
0.006839
0.00712103
0.00778507
0.00988895
0.010975
0.01117
0.011458
0.011653
0.0119081
0.0121951
0.0123721
0.0126451
0.0129182
0.0132002
0.0134282
0.0137013
0.0139563
0.0142753
0.0145123
0.0148724
0.0152174
0.0155354
0.0157034
0.0160005
0.0162405
0.0164325
0.0166515
0.017622
0.017841
0.0180781
0.0183601
0.0201901
0.0272272
0.00457469
0.00493272
0.00515176
0.00532581
0.00554485
0.0057189
0.00591993
0.00612096
0.00634
0.00652303
0.00667904
0.00692507
0.0070721
0.00811017
0.0061439
0.00711097
0.00731899
0.00749301
0.00788603
0.00809606
0.00865414
0.00880119
0.00912023
0.00935124
0.00956125
0.00985927
0.0101143
0.0103433
0.0106193
0.0108473
0.0111024
0.0114774
0.0117595
0.0119155
0.0122615
0.0124925
0.0127026
0.0136486
0.0139156
0.0141886
0.0144756
0.0146436
0.0148177
0.0150377
0.00198036
0.00303846
0.00323953
0.00356058
0.00389962
0.00431965
0.00459267
0.00500372
0.00566675
0.00581379
0.00630889
0.00659092
0.00730796
0.00749999
0.00720781
0.0077469
0.00816696
0.00857798
0.00885102
0.00912404
0.00937907
0.0095711
0.00979912
0.0101112
0.0103122
0.0104772
0.0107352
0.0110292
0.0113053
0.0115453
0.0118273
0.0120853
0.0123643
0.0126723
0.0131684
0.0137524
0.0139984
0.0142174
0.0144634
0.0147365
0.0149195
0.0151615
0.0154075
0.0159746
0.0028735
0.00310155
0.00353158
0.0037056
0.00389763
0.00409866
0.00426369
0.00451873
0.00475576
0.0050198
0.00524784
0.00555988
0.00573392
0.00623797
0.00562577
0.00722784
0.00745685
0.00762487
0.0080189
0.00829891
0.00887297
0.00910998
0.009402
0.00966901
0.00987005
0.0100981
0.0102992
0.0104552
0.0106292
0.0108582
0.0111072
0.0115463
0.0117303
0.0119943
0.0122133
0.0124413
0.0126424
0.0128974
0.0131614
0.0133715
0.0135815
0.0143065
0.0144985
0.0148065
0.00361257
0.00375962
0.00392465
0.00414367
0.00451872
0.00476474
0.00493876
0.00518478
0.00535881
0.00654093
0.00675996
0.00692499
0.00719803
0.00763909
0.00609687
0.00663695
0.00720499
0.00744502
0.00792908
0.00829513
0.00868815
0.00897017
0.00911718
0.00938119
0.00956421
0.00998424
0.0102033
0.0105874
0.0108144
0.0110814
0.0113234
0.0115224
0.0116694
0.0120044
0.0122175
0.0131295
0.0133125
0.0134686
0.0137016
0.0139236
0.0142586
0.0145246
0.0147106
0.0148757
0.00276935
0.00463353
0.00485254
0.00505356
0.0052996
0.00565667
0.0059207
0.00611273
0.00646979
0.00664384
0.00687189
0.00758892
0.00785296
0.00813502
0.00521664
0.0066988
0.00686381
0.00713683
0.00733384
0.00759685
0.00793687
0.00814689
0.008832
0.00921605
0.00937207
0.0097841
0.0100061
0.0104172
0.0112622
0.0115442
0.0118263
0.0121723
0.0124303
0.0126043
0.0128774
0.0130424
0.0131894
0.0134714
0.0137815
0.0139945
0.0143135
0.0145266
0.0147006
0.0148476
0.00112615
0.00412064
0.00427668
0.00465171
0.00499075
0.00513778
0.00528481
0.00544984
0.00565989
0.00588795
0.006062
0.00623603
0.00690807
0.00713609
0.0131349
0.0141669
0.014587
0.014885
0.015059
0.0152331
0.0154611
0.0156982
0.0159622
0.0162702
0.0164653
0.0166963
0.0170253
0.0172833
0.0175633
0.0178083
0.0181643
0.0183683
0.0185514
0.0187344
0.0189354
0.0191905
0.0193375
0.0195025
0.0196945
0.0205125
0.0207676
0.0210126
0.0211716
0.0213366
0.00380141
0.00394845
0.00443454
0.00481859
0.00508264
0.00536467
0.0055117
0.00578474
0.00603078
0.00630381
0.00647784
0.00708688
0.00732392
0.00754294
0.00776775
0.00806676
0.00834277
0.0087708
0.00905581
0.00932885
0.00959289
0.00976692
0.010187
0.01037
0.010634
0.010861
0.0111461
0.0113741
0.0115481
0.0117042
0.0119852
0.0121712
0.0123272
0.0125642
0.0129172
0.0131393
0.0134373
0.0136833
0.0138573
0.0140813
0.0143633
0.0149704
0.0151354
0.0154245
0.00249945
0.00319952
0.00357557
0.00420866
0.00441868
0.00463773
0.00483878
0.00512081
0.00532184
0.00554087
0.0057869
0.00638693
0.00656096
0.00678899
0.00347438
0.00660262
0.00772477
0.00794479
0.00818481
0.00841283
0.00868684
0.00886386
0.00941291
0.00963194
0.00978797
0.010016
0.01019
0.0105
0.0109531
0.0111481
0.0114011
0.0117111
0.0122231
0.0124062
0.0129072
0.0131082
0.0132913
0.0135283
0.0137024
0.0138764
0.0141044
0.0142694
0.0144974
0.0147244
0.00253139
0.00475656
0.00493058
0.0051226
0.00536862
0.00553365
0.00575269
0.00597173
0.00611878
0.00630181
0.00651185
0.00673089
0.00699493
0.00715098
0.00775585
0.0082539
0.00855492
0.00905793
0.00955596
0.00970299
0.010098
0.0107901
0.0110361
0.0112731
0.0115712
0.0117272
0.0119372
0.0121472
0.0123212
0.0125312
0.0128133
0.0129783
0.0132423
0.0134163
0.0136264
0.0138094
0.0141354
0.0143665
0.0146125
0.0148045
0.0150315
0.0152356
0.0154276
0.0161486
0.00372461
0.00389863
0.00426464
0.00449267
0.00465772
0.00484077
0.00498781
0.00518884
0.00545287
0.00566292
0.00594495
0.006101
0.00665004
0.00745409
0.00525275
0.00657286
0.00693892
0.00742599
0.00817402
0.00850404
0.00884805
0.00901607
0.00917211
0.00968818
0.00996419
0.0102192
0.0106182
0.0113962
0.0115523
0.0117083
0.0120683
0.0123263
0.0125094
0.0128784
0.0131684
0.0134144
0.0136064
0.0138864
0.0141055
0.0142525
0.0146305
0.0148615
0.0150085
0.0166406
0.00220634
0.00360354
0.00377757
0.00393359
0.00433566
0.00449169
0.00471071
0.00487573
0.00505876
0.0053228
0.00574285
0.0063519
0.00653495
0.00678999
0.00728067
0.00776471
0.00827079
0.00889585
0.00910486
0.0095189
0.00980096
0.010158
0.010305
0.0110021
0.0112211
0.0114311
0.0118242
0.0121062
0.0123732
0.0127722
0.0135073
0.0137893
0.0139723
0.0141283
0.0143023
0.0147524
0.0150464
0.0152654
0.0154484
0.0156134
0.0157694
0.0159974
0.0165685
0.0174025
0.00113616
0.00364754
0.00392958
0.00409462
0.00454264
0.00488465
0.00504067
0.0054367
0.00570975
0.00585681
0.00606685
0.00627687
0.00647791
0.00816396
0.00473261
0.00550769
0.00598473
0.00646181
0.00732892
0.00775895
0.00811601
0.00826302
0.00851804
0.00872905
0.00911608
0.0092971
0.00950712
0.0107812
0.0109912
0.0112362
0.0115302
0.0117583
0.0120033
0.0121803
0.0123543
0.0125463
0.0128284
0.0131104
0.0133834
0.0135944
0.0138594
0.0141235
0.0148195
0.0156865
0.00275641
0.00313145
0.00337749
0.00379754
0.00398057
0.00425362
0.00442767
0.00465569
0.00492872
0.00512075
0.00527678
0.00589483
0.00604186
0.0062879
0.00634958
0.00721263
0.00756967
0.00785069
0.00811771
0.00851073
0.00869175
0.00906684
0.00926788
0.00945991
0.00986194
0.010247
0.010655
0.010874
0.0110481
0.0112041
0.0114981
0.0117861
0.0121031
0.0123761
0.0125502
0.0128352
0.0131112
0.0133482
0.0135492
0.0136963
0.0138793
0.0141073
0.0142633
0.0144424
0.00325352
0.00350856
0.00372761
0.00397363
0.00433969
0.00450473
0.00475076
0.00489779
0.00530684
0.00586187
0.00601789
0.00617392
0.00632995
0.00652201
0.00108012
0.00400856
0.00425858
0.00488267
0.00502972
0.00990303
0.010104
0.0102691
0.0104971
0.0106442
0.0108182
0.0110822
0.0113193
0.0114913
0.0116473
0.0118663
0.0121303
0.0123703
0.0126224
0.0128714
0.0133074
0.0134725
0.0136945
0.0138855
0.0141735
0.0143985
0.0145665
0.0148036
0.0150316
0.0156076
0.00130772
0.00479211
0.00503815
0.00530218
0.00550321
0.00566823
0.00583326
0.00618229
0.00641932
0.00659336
0.00682141
0.00764949
0.00801555
0.0086186
0.00884947
0.0090235
0.00922752
0.00939553
0.00956055
0.0099536
0.0101276
0.0103016
0.0105837
0.0110038
0.0112678
0.0115318
0.0117959
0.0119879
0.0121799
0.012372
0.012535
0.012793
0.012979
0.013212
0.013434
0.0137461
0.0139231
0.0142051
0.0144901
0.0148231
0.0151561
0.0153781
0.0160682
0.0163232
0.00318363
0.00376466
0.0039117
0.00407675
0.0043408
0.00448785
0.00561692
0.00588095
0.00610898
0.00628301
0.00652004
0.00674806
0.00701209
0.00720411
0.00178331
0.00849895
0.00867299
0.00955006
0.00994309
0.0101381
0.0105702
0.0108432
0.0111162
0.0113172
0.0116543
0.0119213
0.0121223
0.0123863
0.0126244
0.0129164
0.0130904
0.0133094
0.0135744
0.0138414
0.0139975
0.0142985
0.0145925
0.0148295
0.0150576
0.0152766
0.0160696
0.0163336
0.0165607
0.0168257
0.00289507
0.00308712
0.00349017
0.0036642
0.00412328
0.00434233
0.00495743
0.00514945
0.00603047
0.00630349
0.00651351
0.00689757
0.0070626
0.00759363
0.00519834
0.00626151
0.00689464
0.00726967
0.00747969
0.0078557
0.00806172
0.00826273
0.00861076
0.00883879
0.00925782
0.00953384
0.00979787
0.0100439
0.0108769
0.0111419
0.0114089
0.011637
0.01191
0.012066
0.0123021
0.0124971
0.0127791
0.0131191
0.0132752
0.0135112
0.0136972
0.0139612
0.0149823
0.0158343
0.00306279
0.00370792
0.00387297
0.004056
0.00433802
0.00472208
0.0049141
0.00512412
0.00540616
0.00558018
0.0061622
0.00630924
0.00663931
0.00723335
0.00532974
0.00722984
0.00738588
0.00792597
0.008181
0.00871006
0.00909411
0.00940412
0.00998418
0.0104072
0.0106803
0.0108363
0.0111283
0.0114133
0.0116753
0.0119534
0.0123024
0.0125064
0.0126984
0.0130554
0.0133014
0.0141605
0.0145065
0.0147195
0.0150015
0.0152476
0.0154216
0.0156676
0.0158866
0.0160816
0.00152484
0.00329511
0.00382917
0.00415923
0.00452329
0.00476032
0.00517437
0.00558841
0.00578943
0.00596346
0.0062185
0.00644653
0.00671957
0.00695663
0.00830489
0.00864392
0.00900094
0.00922996
0.00963597
0.00992798
0.01021
0.010384
0.0106391
0.0109121
0.0111041
0.0112691
0.0115242
0.0117432
0.0120073
0.0122263
0.0123823
0.0127483
0.0129764
0.0132044
0.0134714
0.0137054
0.0139994
0.0142005
0.0144195
0.0145845
0.0155115
0.0157135
0.0159646
0.0162316
0.00150279
0.00338407
0.00393313
0.00413417
0.0043982
0.00459023
0.00473727
0.00496529
0.00514831
0.00552137
0.00612144
0.00639448
0.0065865
0.00676053
0.00572474
0.00768481
0.00807792
0.00936797
0.00957198
0.00996501
0.010121
0.0103221
0.0105861
0.0108671
0.0111601
0.0113761
0.0116391
0.0118522
0.0120802
0.0123262
0.0126702
0.0130483
0.0132223
0.0133694
0.0136064
0.0138254
0.0140894
0.0148575
0.0150315
0.0152325
0.0155985
0.0158255
0.0160746
0.0166596
0.00404424
0.00430828
0.00449132
0.00471936
0.00499239
0.00523841
0.00547543
0.00573046
0.00592252
0.00617757
0.0063246
0.00656162
0.00678966
0.0070717
0.00163714
0.00812891
0.00835992
0.00873496
0.00899901
0.00936507
0.00972509
0.0099111
0.0101751
0.0103311
0.0105751
0.0109262
0.0111122
0.0112772
0.0114603
0.0116973
0.0119254
0.0122604
0.0124374
0.0126834
0.0128394
0.0131384
0.0134305
0.0136765
0.0138235
0.0140155
0.0141805
0.0149366
0.0152576
0.0155156
0.00346913
0.00544623
0.00577025
0.00599827
0.00616331
0.00632836
0.0065024
0.00666745
0.00691349
0.00713252
0.00737855
0.00763357
0.00785259
0.00811662
0.00711181
0.00768585
0.0080969
0.00841593
0.00867396
0.00894498
0.00916399
0.00944601
0.00966504
0.00984606
0.0101011
0.0103651
0.0105661
0.0109052
0.0111692
0.0114342
0.0116473
0.0119033
0.0120713
0.0122723
0.0125014
0.0126694
0.0129514
0.0132064
0.0134524
0.0137414
0.0139875
0.0142695
0.0150485
0.0153205
0.00311193
0.00445211
0.00465313
0.00490815
0.0050822
0.00528324
0.00547527
0.00564031
0.00599135
0.00632438
0.0065974
0.00687043
0.00710746
0.00730852
0.00593072
0.00776882
0.00863386
0.00890687
0.00920789
0.0093759
0.00985296
0.010064
0.0111601
0.0115491
0.0117321
0.0118882
0.0122972
0.0124803
0.0127443
0.0129543
0.0131643
0.0134674
0.0136924
0.0138964
0.0140594
0.0147264
0.0149995
0.0151735
0.0155035
0.0157525
0.0160345
0.0161996
0.0164186
0.0166556
0.0028011
0.00296614
0.00322117
0.00364122
0.00398031
0.00419037
0.00434642
0.00455645
0.00482048
0.0050485
0.00526752
0.00541453
0.00611356
0.0063326
0.00268038
0.00639172
0.00780779
0.00799084
0.00834888
0.00864291
0.00952
0.01006
0.0102071
0.0106271
0.0109931
0.0113082
0.0117142
0.0120562
0.0123322
0.0125422
0.0128033
0.0132953
0.0135593
0.0139353
0.0150703
0.0152534
0.0154814
0.0157394
0.0159704
0.0162074
0.0163725
0.0166545
0.0169005
0.0186455
0.00174976
0.00312897
0.003294
0.00344104
0.00363308
0.00399913
0.00454818
0.00479422
0.00501327
0.00517831
0.00546034
0.00602437
0.0062074
0.00636343
0.00812088
0.00850491
0.00871493
0.00896095
0.00973499
0.0101281
0.0103561
0.0105661
0.0107861
0.0110802
0.0112992
0.0115252
0.0119093
0.0121193
0.0123743
0.0125303
0.0127584
0.0130884
0.0132804
0.0136375
0.0139095
0.0140955
0.0143805
0.0147365
0.0156345
0.0158206
0.0160646
0.0163726
0.0165946
0.0168316
0.00174189
0.00325211
0.00380415
0.00441118
0.00460322
0.00501227
0.00528529
0.00551331
0.00571433
0.00596937
0.0062244
0.00650644
0.00671648
0.00723853
0.00686069
0.00806876
0.0085568
0.00877883
0.00900984
0.00939986
0.00992594
0.010073
0.010328
0.010685
0.010913
0.01106
0.0112791
0.0114621
0.0116931
0.0121891
0.0123891
0.0125752
0.0129412
0.0132143
0.0139433
0.0142253
0.0145303
0.0147043
0.0148784
0.0151244
0.0153614
0.0156435
0.0163305
0.0197356
0.00443818
0.00467521
0.00494824
0.00522126
0.0053863
0.00558734
0.00575238
0.00595343
0.00616346
0.0063735
0.00660153
0.00675757
0.0069856
0.00753462
0.00775272
0.00815477
0.00853885
0.00954493
0.00971895
0.00993797
0.010277
0.010442
0.010678
0.0109181
0.0110651
0.0113471
0.0115211
0.0118111
0.0120761
0.0124512
0.0127592
0.0129272
0.0131732
0.0134463
0.0138663
0.0141283
0.0149353
0.0151814
0.0156014
0.0158654
0.0161295
0.0163445
0.0165925
0.0174065
0.00351304
0.00439412
0.00462217
0.00485922
0.00503327
0.00530629
0.00555232
0.00579835
0.00595437
0.0061194
0.00639245
0.0065845
0.00682151
0.00735255
0.000954119
0.00810479
0.00828783
0.00846187
0.00875988
0.0091529
0.00962997
0.010159
0.010351
0.0105621
0.0107891
0.0111561
0.0113931
0.0115491
0.0116962
0.0119062
0.0122093
0.0124013
0.0126293
0.0128573
0.0131123
0.0133903
0.0136774
0.0139414
0.0142144
0.0149474
0.0152264
0.0154305
0.0157125
0.0158955
0.00252392
0.00454806
0.0048301
0.00498614
0.00526818
0.00542421
0.00570623
0.00611728
0.00633632
0.00660036
0.00678339
0.00696641
0.00723044
0.00771648
0.00755082
0.00776085
0.00790791
0.00816195
0.00840096
0.00865498
0.00884102
0.00909607
0.00927911
0.00946214
0.00988219
0.0100562
0.0102482
0.0104042
0.0106053
0.0108783
0.0111413
0.0114423
0.0117863
0.0120714
0.0122274
0.0125094
0.0128084
0.0130214
0.0131954
0.0134235
0.0136155
0.0138615
0.0144885
0.0146895
0.00100968
0.0039681
0.00437921
0.00452625
0.00515128
0.00530731
0.00554434
0.00572736
0.00591939
0.00615643
0.00642947
0.0067595
0.00696054
0.00755458
0.00392159
0.00516166
0.00724188
0.00745489
0.00770992
0.00789295
0.00817596
0.00868304
0.00893808
0.00920211
0.00943914
0.00958617
0.0098592
0.0101242
0.0105112
0.0107643
0.0109653
0.0111933
0.0121003
0.0123554
0.0125834
0.0128294
0.0130034
0.0132255
0.0134295
0.0136735
0.0139135
0.0141895
0.0143365
0.0145676
0.0025739
0.00305097
0.0036821
0.00495024
0.00528926
0.00545429
0.00573632
0.00598235
0.00620139
0.00645642
0.00665747
0.00720654
0.00747059
0.00867965
0.00589571
0.0069358
0.00728386
0.00750289
0.00768592
0.00825896
0.00846298
0.0087
0.00903005
0.00999008
0.0102181
0.0104551
0.0107161
0.0109652
0.0112382
0.0115272
0.0116902
0.0119363
0.0121283
0.0124153
0.0126613
0.0129943
0.0132254
0.0134684
0.0136454
0.0138285
0.0139935
0.0142575
0.0144045
0.0146236
0.00161189
0.00313907
0.00328611
0.00343317
0.00363422
0.00405427
0.0042643
0.00476838
0.0049154
0.00518842
0.00586043
0.00610646
0.00626249
0.00654452
0.00581763
0.00705275
0.00849883
0.00900589
0.00932693
0.00961395
0.00997897
0.010243
0.010698
0.0108661
0.0112591
0.0114512
0.0117122
0.0125062
0.0126803
0.0129783
0.0132423
0.0133893
0.0136873
0.0138614
0.0140264
0.0142184
0.0144704
0.0147104
0.0148575
0.0151305
0.0152775
0.0155325
0.0158146
0.0159976
0.00202293
0.00458718
0.00484222
0.00507926
0.00528028
0.00546332
0.00561936
0.00590139
0.00611141
0.00637543
0.00675047
0.00698752
0.00714357
0.0076206
0.00489255
0.00503959
0.00615165
0.00644674
0.0068408
0.00765089
0.00832693
0.00847395
0.010021
0.0106481
0.0111141
0.0113602
0.0115862
0.0118502
0.0121172
0.0127112
0.0128943
0.0131433
0.0133723
0.0136003
0.0137653
0.0139484
0.0141884
0.0144104
0.0146864
0.0149174
0.0151274
0.0153285
0.0154755
0.0156316
0.00455717
0.00480321
0.00501327
0.00528631
0.00543332
0.00567035
0.00589839
0.00614442
0.00639046
0.00657351
0.00675653
0.00695756
0.00719459
0.00747662
0.00760278
0.0077858
0.00812486
0.00844588
0.00864092
0.00888697
0.00928002
0.00947203
0.00974505
0.0100271
0.0103091
0.0104742
0.0107472
0.0109032
0.0112172
0.0115192
0.0117233
0.0118883
0.0121433
0.0124423
0.0127263
0.0129123
0.0131654
0.0133574
0.0136264
0.0142924
0.0147035
0.0148685
0.0151415
0.0159165
0.00304509
0.00422213
0.00441415
0.00459717
0.00482021
0.00509328
0.00532132
0.00547734
0.00586142
0.00600846
0.00627249
0.00645552
0.00662054
0.00718756
0.00841678
0.00921884
0.00959585
0.00986586
0.0102439
0.0104179
0.010682
0.0111
0.011336
0.011621
0.0117681
0.0121211
0.0123881
0.0126342
0.0128262
0.0130543
0.0132013
0.0134023
0.0136393
0.0138743
0.0145104
0.0147924
0.0150474
0.0152124
0.0153844
0.0156484
0.0158945
0.0161675
0.0163775
0.0166595
0.00144779
0.00253197
0.00375414
0.00398219
0.00427626
0.0044413
0.00463332
0.00478933
0.00495435
0.00517338
0.00574642
0.00599245
0.00614848
0.00637651
0.00767836
0.00798142
0.00837545
0.00861546
0.0087715
0.00896355
0.00950162
0.00966663
0.0100407
0.0102447
0.0107107
0.0109837
0.0112547
0.0115537
0.0117848
0.0119588
0.0122318
0.0124328
0.0126608
0.0129999
0.0132099
0.0134229
0.013663
0.014461
0.014653
0.014827
0.015309
0.0155671
0.0164201
0.0166311
0.00362256
0.00432261
0.00447864
0.00474266
0.0049977
0.00517175
0.00539979
0.00561883
0.00578385
0.00594887
0.00622191
0.00701197
0.00721299
0.00736003
0.00761827
0.00856832
0.00876036
0.00912038
0.0093964
0.00964842
0.00980744
0.0103215
0.0107055
0.0110476
0.0113056
0.0115026
0.0117786
0.0119706
0.0121627
0.0125897
0.0128957
0.0131537
0.0135378
0.0137998
0.0140188
0.0142019
0.0145119
0.0146979
0.014926
0.015704
0.015968
0.016151
0.016361
0.016562
0.00268538
0.00317143
0.00332746
0.00364854
0.00381357
0.00398761
0.00487969
0.00539573
0.0059028
0.00604985
0.00629588
0.00731999
0.00812406
0.0086551
0.00648395
0.00677797
0.007246
0.00742702
0.00757403
0.00775706
0.00816811
0.00849814
0.00867217
0.00886421
0.00926627
0.00951233
0.00968637
0.00994139
0.0101064
0.0103344
0.0106075
0.0107815
0.0109285
0.0119805
0.0123086
0.0125586
0.0127806
0.0129636
0.0131286
0.0134386
0.0137157
0.0139467
0.0142927
0.0144837
0.00328114
0.00359617
0.00414528
0.00435533
0.00459236
0.00473941
0.00502146
0.00524049
0.00543251
0.00557953
0.00574455
0.00701059
0.00717564
0.0090867
0.00532734
0.00630248
0.0066785
0.00721857
0.0077016
0.00788462
0.00838873
0.0094028
0.00972182
0.00998883
0.0103819
0.0105559
0.0108379
0.01101
0.011354
0.01257
0.012798
0.01308
0.013353
0.0135811
0.0137731
0.0140101
0.0141842
0.0143852
0.0146672
0.0148322
0.0150963
0.0153233
0.0156523
0.0159543
0.0027998
0.00438497
0.004577
0.00476902
0.00493405
0.0051351
0.00541715
0.00556419
0.00581021
0.00605623
0.00633826
0.00652129
0.00668632
0.00715435
0.00695616
0.00714819
0.00754222
0.0082203
0.00875136
0.00902439
0.00918042
0.00944444
0.00967045
0.00984946
0.0100235
0.0102295
0.0104666
0.0106946
0.011276
0.011558
0.011804
0.0120101
0.0121931
0.0125862
0.0128322
0.0131052
0.0137362
0.0140142
0.0144343
0.0145813
0.0147913
0.0151014
0.0153864
0.0160794
0.00394
0.00431604
0.00446308
0.0046371
0.00483814
0.00500317
0.00519519
0.00546822
0.00564225
0.00586128
0.00602631
0.00621834
0.00636538
0.00657544
0.00690823
0.00709126
0.00751535
0.00789339
0.00807041
0.00834347
0.00886553
0.00906654
0.00944159
0.00966961
0.00985263
0.0101077
0.0102547
0.0104647
0.0106597
0.0109748
0.0113778
0.0115428
0.0117708
0.0120289
0.0126949
0.0129319
0.0132619
0.0137829
0.0139659
0.0142959
0.014527
0.01471
0.014983
0.015256
0.00306651
0.00344456
0.00364562
0.00405667
0.00442271
0.00459673
0.00522476
0.00542578
0.00573781
0.00643683
0.00659287
0.00699493
0.00756196
0.00878
0.00387654
0.00607972
0.00644177
0.0071228
0.00748283
0.0080239
0.00850192
0.00873593
0.00889494
0.00905096
0.0105371
0.0108581
0.0110981
0.0112632
0.0114372
0.0116652
0.0119472
0.0125673
0.0132493
0.0135224
0.0141804
0.0143894
0.0146114
0.0148214
0.0150224
0.0152235
0.0154605
0.0156075
0.0161795
0.0163535
0.00236494
0.00329302
0.00380612
0.00419918
0.00443621
0.00478428
0.00498533
0.00524036
0.00549539
0.00577742
0.00637745
0.00665948
0.0068785
0.00706152
0.00541023
0.00639631
0.00656435
0.00672939
0.00760344
0.00779548
0.00811654
0.00867458
0.0091566
0.00941462
0.00956164
0.00983366
0.0102297
0.0112987
0.0114638
0.0117288
0.0119918
0.0122678
0.0124779
0.0127599
0.0130339
0.0132739
0.0134569
0.0136579
0.0139299
0.014134
0.014353
0.014527
0.014746
0.0149271
0.00414461
0.00437266
0.00457371
0.00482874
0.00504776
0.00523979
0.00551283
0.00575886
0.00594189
0.00608895
0.00628998
0.006482
0.00673703
0.00701905
0.00185826
0.00838182
0.00894285
0.00936092
0.00984497
0.010049
0.010269
0.01062
0.0108391
0.0114581
0.0116481
0.0118941
0.0120912
0.0123462
0.0125022
0.0127392
0.0130212
0.0132863
0.0135623
0.0137453
0.0140093
0.0141654
0.0148324
0.0150604
0.0152525
0.0155145
0.0156615
0.0158356
0.0161436
0.0170686
0.00420353
0.00435959
0.00457863
0.0049267
0.00520874
0.00549077
0.00577281
0.00592883
0.00607586
0.00711692
0.00746594
0.00766698
0.00789502
0.00941005
0.00507362
0.00541264
0.00705876
0.0074248
0.00762883
0.00786084
0.00833888
0.0087439
0.00899891
0.00914593
0.00937396
0.00976698
0.010013
0.010295
0.0105681
0.0107331
0.0111961
0.0114781
0.0116972
0.0127882
0.0130343
0.0132673
0.0135873
0.0137913
0.0141083
0.0143663
0.0145584
0.0148044
0.0150574
0.0152764
0.00347249
0.00396558
0.00435863
0.00476069
0.00493471
0.00553474
0.00581678
0.00605383
0.00622786
0.0066479
0.00682195
0.00706799
0.00734102
0.00787206
0.00535274
0.00772989
0.00787691
0.00809594
0.00825197
0.00852499
0.00875301
0.00957604
0.00985205
0.0100351
0.0102631
0.0105091
0.0108842
0.0111982
0.0114832
0.0117202
0.0120262
0.0123203
0.0125573
0.0127044
0.0129774
0.0131814
0.0133494
0.0135055
0.0138655
0.0140605
0.0145765
0.0153705
0.0155806
0.0159496
0.00455957
0.0047336
0.00488062
0.00506364
0.00529166
0.00554669
0.00582875
0.0060208
0.00618583
0.00636885
0.00654288
0.0067979
0.00697195
0.0072
0.00631079
0.00693685
0.00708388
0.0073209
0.00771194
0.008006
0.00815302
0.00861005
0.00876608
0.00952711
0.00979712
0.0100551
0.0102562
0.0105712
0.0108952
0.0112612
0.0114533
0.0116953
0.0120713
0.0126614
0.0129414
0.0132984
0.0135884
0.0137475
0.0140205
0.0143645
0.0145235
0.0147155
0.0148895
0.0156105
0.0016442
0.00503561
0.00529965
0.00556368
0.0058187
0.00607372
0.00634676
0.00656581
0.00675784
0.00690487
0.00706092
0.00725297
0.00906001
0.0114661
0.00469962
0.00485866
0.00714086
0.00779391
0.00833495
0.00848198
0.00873701
0.00888403
0.00917605
0.00941607
0.00962611
0.00989914
0.0102612
0.0104292
0.0106122
0.0110493
0.0116813
0.0118733
0.0121283
0.0123474
0.0126114
0.0128484
0.0131924
0.0133604
0.0136595
0.0139085
0.0140825
0.0143375
0.0145115
0.0148375
0.00375955
0.00399659
0.00440764
0.00459067
0.00482769
0.00517574
0.00534976
0.00553279
0.00578782
0.00601586
0.00626191
0.00696994
0.00736101
0.00791906
0.00623682
0.00706493
0.00761397
0.007887
0.00806104
0.0086011
0.00880511
0.00943716
0.00981118
0.0101052
0.0103692
0.0105343
0.0107263
0.0109813
0.0112543
0.0114283
0.0116114
0.0118034
0.0120394
0.0129644
0.0131295
0.0133285
0.0135655
0.0138296
0.0141286
0.0143146
0.0144976
0.0146987
0.0149267
0.0151277
0.00333845
0.00417157
0.0044086
0.00466363
0.00481066
0.0050387
0.00519474
0.00550976
0.00573778
0.00610681
0.00651587
0.00669889
0.00747596
0.008052
0.00367749
0.00786681
0.00802285
0.00824286
0.00861287
0.010463
0.0107271
0.0109371
0.0112941
0.0116961
0.0119452
0.0122062
0.0124282
0.0126202
0.0128662
0.0131213
0.0139283
0.0141953
0.0144143
0.0147033
0.0149674
0.0152314
0.0154684
0.0156764
0.0159314
0.0161865
0.0164755
0.0166765
0.0168805
0.0170485
0.00144817
0.00607048
0.00648155
0.00662857
0.0068386
0.00712062
0.00727663
0.00742367
0.00759772
0.00777177
0.0079368
0.00814683
0.00888592
0.00936298
0.00608475
0.00658879
0.00710887
0.00764891
0.00820696
0.00835399
0.00860903
0.00890806
0.00907607
0.00958911
0.00976313
0.0100182
0.0102642
0.0104472
0.0107002
0.0109602
0.0111733
0.0113843
0.0115793
0.0117984
0.0127784
0.0129524
0.0132344
0.0134895
0.0138515
0.0140375
0.0142725
0.0145455
0.0148556
0.0151236
0.00321643
0.00356447
0.0037925
0.00414054
0.00433257
0.00480167
0.00501172
0.00515876
0.00577677
0.00600479
0.00622381
0.00657188
0.00724694
0.00809603
0.00581978
0.00659384
0.00691287
0.00747094
0.00788199
0.00867506
0.00917014
0.00936215
0.00956816
0.0100662
0.0103422
0.0105972
0.0108343
0.0110533
0.0112543
0.0114834
0.0116694
0.0119794
0.0121744
0.0133395
0.0135165
0.0138055
0.0139705
0.0142255
0.0145375
0.0147145
0.0148616
0.0150086
0.0152186
0.0154647
0.00136519
0.00457462
0.00473965
0.00488669
0.00528272
0.00548377
0.00572982
0.00590385
0.00607787
0.00625191
0.00648894
0.00674395
0.00692698
0.00717303
0.00532462
0.00876587
0.00904188
0.0093059
0.00969895
0.010119
0.010352
0.010569
0.0107251
0.0108901
0.0112411
0.0114001
0.0115561
0.0118351
0.0120482
0.0123352
0.0126442
0.0128842
0.0130403
0.0132953
0.0135053
0.0137483
0.0139073
0.0141174
0.0143724
0.0145554
0.0147295
0.0150025
0.0157375
0.0159926
0.0025794
0.00326147
0.00379052
0.00417459
0.00432165
0.00452271
0.00491578
0.0051078
0.00527283
0.00588186
0.0061459
0.00641893
0.00661096
0.00675799
0.00456864
0.00882386
0.00902489
0.00917191
0.00934594
0.009748
0.010114
0.0103241
0.0104711
0.0107251
0.0111392
0.0113042
0.0115672
0.0122123
0.0128783
0.0131153
0.0133794
0.0136124
0.0137774
0.0140054
0.0141704
0.0143874
0.0145525
0.0147355
0.0149625
0.0151215
0.0153136
0.0155056
0.0156616
0.0164136
0.0036295
0.00387554
0.00426861
0.00446065
0.00467067
0.0048267
0.00500073
0.00533078
0.00592183
0.00608688
0.00627892
0.00654295
0.00669897
0.00839403