RTT
0.0574364
0.0627187
0.0127331
0.0169844
0.0672161
0.0172305
0.0673841
0.0173985
0.0676421
0.0176565
0.0690225
0.0190367
0.0712076
0.021222
0.0727602
0.0227742
0.073068
0.0230823
0.0734939
0.0235083
0.0737159
0.0237303
0.073965
0.0239794
0.0742414
0.0242554
0.0745172
0.0245314
0.0747125
0.0247265
0.0749262
0.0249396
0.0751837
0.0251976
0.0753607
0.0253747
0.0756278
0.0256418
0.0758046
0.0258188
0.0760627
0.0260769
0.0762582
0.0262719
0.00343073
0.00617008
0.00666519
0.00747632
0.00765034
0.00820638
0.00850049
0.00925757
0.00967762
0.00986066
0.0104747
0.0107568
0.0109488
0.0111858
0.0113958
0.0115969
0.0117529
0.0118999
0.012137
0.012401
0.0126741
0.0138201
0.00656427
0.00695734
0.00748841
0.00774344
0.00796249
0.00810957
0.00847562
0.00887773
0.0091148
0.00939686
0.00957089
0.00981692
0.010036
0.010183
0.010375
0.0105311
0.0106961
0.0113212
0.0114862
0.0117232
0.0119873
0.0122333
0.00495029
0.00511533
0.00543637
0.0055924
0.00593149
0.00611455
0.00639162
0.0065657
0.0072608
0.00748883
0.00764485
0.00787287
0.00838594
0.00858696
0.00898006
0.0101502
0.0103692
0.0105432
0.0107713
0.0111104
0.0113564
0.0119235
0.00472092
0.00549914
0.00599425
0.00635832
0.0065054
0.00685352
0.00726457
0.00750159
0.00809665
0.0083247
0.00848075
0.00873578
0.00893681
0.00953284
0.00968889
0.00990794
0.010055
0.0103491
0.0105951
0.0107691
0.0110422
0.0112792
0.00425408
0.00443713
0.00479421
0.00555734
0.00586943
0.00602548
0.00654761
0.00680265
0.00822187
0.00920894
0.009419
0.00962002
0.00979404
0.00995908
0.0101511
0.0103252
0.0104812
0.0107362
0.0108923
0.0110663
0.0125034
0.0130884
0.00441789
0.00468598
0.0055161
0.00740245
0.00764851
0.00788555
0.00814957
0.00854263
0.00868968
0.00901074
0.00925676
0.00948481
0.0102248
0.0104439
0.0105999
0.010855
0.011137
0.0113831
0.0115661
0.0118032
0.0119502
0.0122052
0.00478212
0.00492915
0.00543223
0.00588234
0.00704466
0.00731771
0.00749174
0.00789378
0.00806782
0.00839788
0.00857193
0.00874597
0.00907699
0.010046
0.0102471
0.0104121
0.0106581
0.0108952
0.0111053
0.0113873
0.0115434
0.0119464
0.00542717
0.00564621
0.00604829
0.00633033
0.00660335
0.00679536
0.0071504
0.00750749
0.00772656
0.00790961
0.00831168
0.00859372
0.00876775
0.0094968
0.00969786
0.00988091
0.0100729
0.01031
0.0105741
0.0107301
0.0110121
0.0111952
0.00701647
0.00727151
0.00746355
0.00763759
0.00790162
0.00804866
0.00822273
0.00846879
0.00941787
0.0096819
0.00987392
0.0100659
0.010276
0.010441
0.0106511
0.0108161
0.0110982
0.0113172
0.0114822
0.0117463
0.0120014
0.0121754
0.00420187
0.00682922
0.00703025
0.00718628
0.00735131
0.00770843
0.00789149
0.00812853
0.00838358
0.00856663
0.00881266
0.00902268
0.0092417
0.00947874
0.00967076
0.00984479
0.0100998
0.0103189
0.0104929
0.010757
0.011039
0.0115521
0.00512002
0.00563413
0.00579017
0.00624027
0.00638732
0.00670837
0.00720151
0.00742053
0.00794062
0.00853273
0.00875175
0.00922476
0.00963882
0.00993294
0.010134
0.0103891
0.0105631
0.0108451
0.0110012
0.0122973
0.0124804
0.0174154
0.00606798
0.00718518
0.00742223
0.00777031
0.00794433
0.00831046
0.0092506
0.00947863
0.00979968
0.0100187
0.0102738
0.0104838
0.0106398
0.0114069
0.011689
0.011899
0.012163
0.0123281
0.0125742
0.0128292
0.0130122
0.0132763
0.00647756
0.0067056
0.00689765
0.00714371
0.00730877
0.00749181
0.00763884
0.0079959
0.00814298
0.00832604
0.00852707
0.00889314
0.00942421
0.00970626
0.0098533
0.0104634
0.0106194
0.0108924
0.0116255
0.0118085
0.0120365
0.0147936
0.00670025
0.00687431
0.00705736
0.00739642
0.00756145
0.00771748
0.00794552
0.00813757
0.0083296
0.00850362
0.00886767
0.00919776
0.00954586
0.00980092
0.00995696
0.010131
0.010278
0.0104881
0.0107431
0.0109712
0.0116772
0.0118963
0.00530623
0.00546228
0.00610543
0.00745756
0.00767659
0.00788663
0.00842678
0.00881082
0.00924984
0.00949585
0.00966988
0.0101019
0.010267
0.0104141
0.0108461
0.0109932
0.0112752
0.0114672
0.0116593
0.0118153
0.0120254
0.0127844
0.00665616
0.00689322
0.00713926
0.00736731
0.00763138
0.00791343
0.00806947
0.00826153
0.00848956
0.00867258
0.0089546
0.00917363
0.00932969
0.00954877
0.00969581
0.00991485
0.0100889
0.0102359
0.010482
0.010737
0.01101
0.0112921
0.0045131
0.00481616
0.00523422
0.00636142
0.00829753
0.00857961
0.00875369
0.00899075
0.0091378
0.00930284
0.00970494
0.00999898
0.010164
0.010329
0.0104851
0.0107491
0.0108961
0.0111151
0.0115262
0.0121802
0.0123273
0.0125373
0.00453797
0.00488605
0.0050871
0.00551119
0.00599729
0.00616234
0.00691438
0.00723345
0.00749749
0.00774355
0.00840166
0.00861171
0.00884874
0.0090138
0.00962785
0.00987388
0.0100569
0.010441
0.010723
0.0108701
0.0110711
0.0115931
0.00472097
0.00527706
0.00592825
0.0067604
0.00711746
0.00763153
0.00780555
0.00807859
0.00829763
0.00844466
0.00897379
0.0108751
0.0112652
0.0115382
0.0117122
0.0119493
0.0122683
0.0124514
0.0126524
0.0128534
0.0130995
1.01757
0.967571
0.917583
0.0182159
1.01947
0.969474
0.919487
1.02303
0.973028
0.92304
1.02324
0.97324
0.923253
1.02343
0.973435
0.923448
1.0236
0.973603
0.923616
1.02385
0.973853
0.923865
1.02505
0.975054
0.925067
0.00612956
0.00697569
0.00712273
0.00736877
0.00776281
0.0081829
0.00834797
0.00874102
0.00901405
0.00926908
0.0094791
0.00970712
0.00989016
0.0100642
0.0105032
0.0106953
0.0111003
0.0112563
0.0116764
0.0118774
0.0121415
0.0123965
0.0125435
0.0127806
0.0130086
0.0132187
0.0133747
0.0135667
0.0137588
0.0143258
0.00737725
0.00753329
0.00768032
0.00784535
0.00802838
0.00829244
0.00844849
0.00876956
0.00909966
0.00924671
0.00965778
0.00981384
0.0100329
0.0102519
0.0104799
0.010717
0.010909
0.0111551
0.0113741
0.0115752
0.0117222
0.0119862
0.0121783
0.0124333
0.0127063
0.0129254
0.0131624
0.0138974
0.0141074
0.0142905
0.00685628
0.00701231
0.00748744
0.00770648
0.00826463
0.00848368
0.00884974
0.00910476
0.00951583
0.00972587
0.0101559
0.010312
0.010459
0.010741
0.010987
0.0116211
0.0118131
0.0119782
0.0121792
0.0124612
0.0126263
0.0128183
0.0131003
0.0133284
0.0135114
0.0137755
0.0140305
0.0142136
0.0143786
0.0154528
0.00586287
0.00624693
0.00706312
0.00721015
0.00757718
0.0082383
0.00844833
0.00866738
0.00898844
0.00934352
0.00964658
0.0099286
0.0104777
0.0106787
0.0112768
0.0115318
0.0117869
0.0119969
0.0122699
0.012462
0.012672
0.012846
0.0130651
0.0133112
0.0134852
0.0136952
0.0139503
0.0141963
0.0143524
0.0145354
0.00468149
0.00533262
0.00583671
0.00632083
0.00681694
0.00729896
0.00757199
0.00774604
0.00823223
0.00843331
0.00866134
0.00888035
0.00903637
0.0092464
0.00951944
0.00975648
0.0108335
0.0110166
0.0112896
0.0115267
0.0116827
0.0118297
0.0120308
0.0122138
0.0124418
0.0126069
0.0128169
0.013018
0.013165
0.013384
0.000834148
0.00720637
0.00735341
0.00756344
0.00793847
0.00863464
0.0088177
0.00896475
0.00922876
0.00943878
0.00969383
0.00993987
0.0101859
0.010432
0.010678
0.010879
0.0111521
0.0121021
0.0124322
0.0126333
0.0128523
0.0130803
0.0133624
0.0136354
0.0138185
0.0140015
0.0142656
0.0145206
0.0147936
0.0152977
0.00713102
0.00749705
0.00847523
0.00864027
0.00885932
0.00902436
0.00926138
0.00975241
0.00993547
0.0104936
0.0107486
0.0109316
0.0111327
0.0112887
0.0115708
0.0117898
0.0119549
0.012183
0.012339
0.012495
0.012723
0.0131071
0.0133711
0.0139602
0.0142422
0.0144432
0.0146983
0.0149714
0.0151454
0.0153554
0.00626865
0.00641567
0.00678175
0.00712082
0.00731287
0.00747791
0.00762493
0.00826701
0.00847706
0.00866909
0.00923415
0.00941717
0.00960923
0.00980128
0.00998433
0.0111165
0.0114375
0.0117856
0.0119506
0.0121516
0.0123437
0.0134657
0.0138568
0.0141959
0.0144239
0.0150779
0.015342
0.0162811
0.0174451
0.0181592
0.00130457
0.00519033
0.00745276
0.0076088
0.00815587
0.00839289
0.00894196
0.00915198
0.009317
0.00968308
0.00992912
0.0100942
0.0103492
0.0105683
0.0108503
0.0110874
0.0120974
0.0123524
0.0125715
0.0128446
0.0130816
0.0133276
0.0135467
0.0138287
0.0140927
0.0142397
0.0144858
0.0146508
0.0148608
0.0150349
0.0041269
0.00427396
0.00592531
0.00645441
0.00667346
0.00700452
0.00720557
0.00741562
0.00769767
0.0078897
0.00828276
0.00849279
0.00889287
0.00911191
0.00928594
0.00993396
0.01018
0.0104441
0.0106991
0.0109452
0.0111012
0.0113742
0.0115573
0.0117673
0.0119503
0.0122804
0.0125444
0.0126914
0.0129645
0.0134145
0.00691505
0.00815114
0.00835222
0.00849926
0.00873628
0.0089013
0.00906633
0.00925838
0.00940543
0.00965145
0.00993347
0.0101885
0.0104075
0.0106085
0.0108096
0.0110016
0.0111667
0.0114038
0.0116678
0.0118419
0.0120249
0.0121719
0.012427
0.01261
0.0128381
0.0130301
0.0132401
0.0134952
0.0137502
0.0140233
0.00819876
0.00837279
0.00862784
0.00898291
0.00914794
0.00940299
0.010051
0.0102611
0.0104711
0.0106992
0.0108462
0.0110472
0.0113022
0.0115123
0.0117493
0.0120224
0.0122954
0.0124695
0.0127155
0.0128625
0.0130996
0.0133096
0.0135107
0.0137117
0.0138947
0.0141767
0.0144318
0.0146328
0.0147799
0.0149899
0.0039129
0.00511105
0.00603026
0.00651632
0.00722845
0.00764852
0.00783157
0.00807759
0.00845365
0.00868173
0.0089368
0.00911085
0.00947689
0.00966895
0.010053
0.010227
0.010383
0.0109591
0.0111781
0.0114151
0.0115982
0.0120183
0.0121653
0.0123843
0.0126574
0.0129394
0.0132214
0.0134044
0.0136235
0.0142535
0.00658534
0.00708541
0.00762547
0.00785349
0.00801854
0.00842961
0.00859465
0.00878668
0.0091897
0.00933672
0.00957375
0.00990384
0.0102969
0.010444
0.0108551
0.0110831
0.0112482
0.0114493
0.0116323
0.0119984
0.0127134
0.0129685
0.0132055
0.0134875
0.0138715
0.0141086
0.0142646
0.0145467
0.0147117
0.0152158
0.00693315
0.00733525
0.0076923
0.00788434
0.00820343
0.00855148
0.00869853
0.00932559
0.00960762
0.00979966
0.0100727
0.0102917
0.0105287
0.0107388
0.0109128
0.0111318
0.0112969
0.0115159
0.0117079
0.011882
0.0121761
0.0123321
0.0125782
0.0127972
0.0129982
0.0132083
0.0134273
0.0136914
0.0138834
0.0143245
0.0076155
0.00777155
0.0081136
0.00826965
0.00843471
0.00864478
0.00883682
0.00921188
0.00936793
0.00952399
0.00970704
0.0100911
0.0103371
0.0105112
0.0107662
0.0109942
0.0112672
0.0115493
0.0117234
0.0119154
0.0120804
0.0122635
0.0124915
0.0128516
0.0131936
0.0134216
0.0135956
0.0137967
0.0140427
0.0142527
0.00423758
0.00745124
0.00772927
0.00812233
0.00855435
0.00876439
0.00893842
0.00945152
0.00963458
0.00979061
0.0104206
0.0106306
0.0107867
0.0110147
0.0112518
0.0114888
0.0117169
0.0118729
0.012029
0.012257
0.0124221
0.0127042
0.0128782
0.0130973
0.0133613
0.0135893
0.0138443
0.0140364
0.0142554
0.0145374
0.00705554
0.00797066
0.00826473
0.00854678
0.00893084
0.00916788
0.00934191
0.00958794
0.00983397
0.01008
0.010335
0.010554
0.0108181
0.0110281
0.0112202
0.0114482
0.0116583
0.0118683
0.0120333
0.0122614
0.0124084
0.0126814
0.0128824
0.0131105
0.0133925
0.0135936
0.0138036
0.0140317
0.0147307
0.0149228
0.00426875
0.0045808
0.00606807
0.00670119
0.00690221
0.00709424
0.00745128
0.00762532
0.00796443
0.00819248
0.00837551
0.00872256
0.00940173
0.00963881
0.0102089
0.0103559
0.0107519
0.010971
0.011217
0.011472
0.0117541
0.0119101
0.0120932
0.0123482
0.0125672
0.0128223
0.0130323
0.0131793
0.0133894
0.0136174
0.0208962
0.0233413
0.0237253
0.0239713
0.0242354
0.0243914
0.0245475
0.0248115
0.0250035
0.0251866
0.0254146
0.0255707
0.0258527
0.0260448
0.0262458
0.0263929
0.0266299
0.026912
0.027167
0.027413
0.02756
0.0277251
0.0279171
0.0281722
0.0284542
0.0286283
0.0289103
0.0291203
0.0292943
0.0440289
0.046862
0.04913
0.0493791
0.0496781
0.0501071
0.0568476
0.0570306
0.0610998
0.0616658
0.0118398
0.0120859
0.0123229
0.012542
0.012815
0.012989
0.0132711
0.0135351
0.0136822
0.0139373
0.0141923
0.0144654
0.0146754
0.0149395
0.0152125
0.0154225
0.0156146
0.0158606
0.0161336
0.0163707
0.0165627
0.0167637
0.0169738
0.0172288
0.0174928
0.0177659
0.0179399
0.0181769
0.018351
0.019291
0.069571
0.069808
0.0700951
0.0703201
0.0706261
0.0708871
0.0711271
0.00986372
0.0106268
0.0120049
0.0121519
0.0123979
0.012545
0.012764
0.0132932
0.0134402
0.0138603
0.0141144
0.0142914
0.0146575
0.0148225
0.0149965
0.0152495
0.0155215
0.0157055
0.0159876
0.0162336
0.0163966
0.0171266
0.0173096
0.0174657
0.0177247
0.0179108
0.0184748
0.0187288
0.0190428
0.0192829
0.0195459
0.0197589
0.020179
0.020425
0.020778
0.020937
0.021219
0.0214381
0.0216121
0.0218851
0.0221582
0.0224313
0.0225873
0.0231153
0.0232984
0.0246604
0.00647376
0.00737783
0.00757888
0.00822111
0.00836817
0.00877021
0.00916324
0.00940029
0.00958333
0.00982936
0.0100124
0.0102315
0.0104055
0.0106606
0.0108976
0.0111617
0.0113087
0.0115007
0.0117017
0.0118757
0.0128368
0.0131649
0.0134379
0.0136569
0.013885
0.014032
0.0143141
0.0145241
0.0152861
0.0154332
0.00743039
0.00856352
0.0098617
0.0101448
0.0105498
0.0108778
0.0112079
0.0115739
0.011832
0.012
0.012411
0.0128702
0.0132902
0.0136662
0.0140542
0.0142013
0.0143753
0.0145403
0.0147773
0.0150054
0.0153895
0.0155545
0.0165786
0.0168426
0.0170057
0.0171527
0.0175267
0.0177937
0.0180758
0.0184218
0.0186978
0.0188898
0.0191358
0.0193279
0.0195379
0.0198019
0.0200619
0.0202989
0.020572
0.020854
0.021073
0.0212831
0.0215651
0.0218471
0.0220392
0.0228433
0.0048914
0.00546951
0.00792885
0.00828592
0.00855896
0.00872399
0.00889803
0.00913506
0.00932711
0.00947418
0.00983122
0.0100412
0.0102333
0.0104523
0.0106083
0.0108814
0.0110374
0.0114215
0.0116226
0.0118236
0.0119977
0.0122167
0.0124267
0.0126098
0.0128288
0.0130749
0.0132939
0.013939
0.01414
0.014404
0.0079434
0.00858548
0.00966669
0.00985873
0.0105099
0.010675
0.010883
0.011135
0.011429
0.0123352
0.0127102
0.0129473
0.0133493
0.0135233
0.0138804
0.0141924
0.0154105
0.0156925
0.0160406
0.0163286
0.0165776
0.0168056
0.0169796
0.0173327
0.0175997
0.0177557
0.0179277
0.0180907
0.0182377
0.0184748
0.0187808
0.0191358
0.0193038
0.0194509
0.019802
0.020087
0.020243
0.02039
0.0206361
0.0208191
0.0210292
0.0212212
0.0213683
0.0215603
0.0217524
0.0223554
0.00689077
0.00741383
0.00798192
0.00840199
0.00863907
0.00899615
0.00922417
0.00937122
0.00954529
0.00998635
0.0104184
0.0106194
0.0110215
0.0112045
0.0114236
0.0115796
0.0117536
0.0119007
0.0121827
0.0123928
0.0126748
0.0129388
0.0131758
0.0134128
0.0136139
0.0138509
0.014088
0.014325
0.014544
0.0152011
0.0108228
0.0110148
0.011675
0.0121881
0.0124341
0.0128092
0.0132113
0.0134123
0.0136853
0.0138684
0.0141924
0.0143784
0.0146065
0.0147985
0.0149815
0.0152636
0.0154556
0.0157017
0.0159657
0.0162477
0.0165027
0.0167798
0.0169478
0.0171578
0.0173048
0.0175059
0.0177609
0.0180159
0.0182349
0.018522
0.018824
0.019082
0.019283
0.0194391
0.0197191
0.0200311
0.0203991
0.0206892
0.0214802
0.0216482
0.0218853
0.0220503
0.0222513
0.0225864
0.0227814
0.0229734
0.00547758
0.00578062
0.00753094
0.00767798
0.007906
0.00817904
0.00911016
0.00933818
0.00953921
0.00979424
0.00996828
0.0103253
0.0105984
0.0108624
0.0110815
0.0113455
0.0115376
0.0117656
0.0124517
0.0126348
0.0128988
0.0130728
0.0133099
0.0135919
0.0137749
0.013922
0.014114
0.0143961
0.0145431
0.0147802
0.00839855
0.0089676
0.00912663
0.00965567
0.0098387
0.0101507
0.0110269
0.0114289
0.0117249
0.011929
0.012156
0.012534
0.0128551
0.0142641
0.0147862
0.0149602
0.0153803
0.0155903
0.0157464
0.0159834
0.0162655
0.0164305
0.0166045
0.0168865
0.0170426
0.0172327
0.0175527
0.0178377
0.0180927
0.0184678
0.0186868
0.0189329
0.0192749
0.0194769
0.0197589
0.0199419
0.020098
0.020263
0.020446
0.0206981
0.0209271
0.0211701
0.0219421
0.0221342
0.0222992
0.0225272
0.00482127
0.00572151
0.00616261
0.00685975
0.0073458
0.00759184
0.00794894
0.008222
0.00878008
0.00894511
0.00921816
0.00947319
0.00972823
0.0100583
0.0102143
0.0104063
0.0110994
0.0112554
0.0114295
0.0116755
0.0118316
0.0120236
0.0121706
0.0123267
0.0125907
0.0128277
0.0130107
0.0131578
0.0133678
0.0141089
0.0112278
0.0115098
0.0117369
0.0121419
0.012298
0.012781
0.013511
0.0137211
0.0139751
0.0142331
0.0144522
0.0146622
0.0156744
0.0161444
0.0164024
0.0166664
0.0168475
0.0169945
0.0171955
0.0174055
0.0176065
0.0178436
0.0179996
0.0181557
0.0183567
0.0185937
0.0188217
0.0190048
0.0193798
0.0195898
0.0198178
0.0200999
0.0203009
0.0212419
0.0214609
0.021707
0.021962
0.0221091
0.0223551
0.0225992
0.0228032
0.0230572
0.0233302
0.0235943
0.0237953
0.0239964
0.00671983
0.0071399
0.00741295
0.00765
0.00787802
0.00812405
0.00828009
0.00851713
0.00877217
0.00904522
0.00923729
0.00942034
0.00963938
0.00978641
0.0100144
0.0102245
0.0104705
0.0106626
0.0109266
0.0110736
0.0112837
0.0114397
0.0116227
0.0118958
0.0120698
0.0123429
0.0125349
0.012745
0.012919
0.01354
0.00824641
0.00856745
0.00910553
0.0101416
0.0104967
0.0111568
0.0115418
0.0117249
0.012127
0.012283
0.0128321
0.0131802
0.0133522
0.0135083
0.0138703
0.0142483
0.0144224
0.0147964
0.0151344
0.0161724
0.0163374
0.0165115
0.0168505
0.0173506
0.0177826
0.0180377
0.0182867
0.0185267
0.0187278
0.0189018
0.0190938
0.0192859
0.0195749
0.0199349
0.0201749
0.020435
0.020729
0.02093
0.021251
0.021536
0.0217081
0.0219811
0.0221912
0.0227822
0.0230462
0.0231932
0.00492429
0.00638049
0.00656352
0.00695659
0.00765269
0.00788977
0.00840087
0.00913098
0.00929604
0.00962709
0.00983712
0.0102041
0.0104772
0.0107502
0.0111073
0.0112993
0.0114644
0.0117374
0.0120014
0.0122745
0.0125295
0.0127215
0.0131236
0.0133066
0.0137267
0.0139637
0.0141738
0.0148548
0.0150379
0.0152659
0.00626715
0.00672627
0.00731438
0.00791251
0.00821558
0.00875267
0.00946773
0.00962376
0.0100228
0.011929
0.0129771
0.0139402
0.0141862
0.0146703
0.0148833
0.0151683
0.0154073
0.0155843
0.0158263
0.0163063
0.0165644
0.0167384
0.0169755
0.0174625
0.0176096
0.0179216
0.0182066
0.0185727
0.0187287
0.0193497
0.0196937
0.0199428
0.0201528
0.0204078
0.0206629
0.0209179
0.0211279
0.0213829
0.021629
0.021794
0.022049
0.0222321
0.0224671
0.0226681
0.0228511
0.0250412
0.00676344
0.00712051
0.00740254
0.00777757
0.0079786
0.00824264
0.00844369
0.00865374
0.0089178
0.00914588
0.00936496
0.00964702
0.00983009
0.0100941
0.0102592
0.0105232
0.0106972
0.0109163
0.0111983
0.0114533
0.0119734
0.0121294
0.0123934
0.0126574
0.0129395
0.0131315
0.0133775
0.0138966
0.0140976
0.0158917
0.0105058
0.0110459
0.0114029
0.0116309
0.011796
0.012006
0.01218
0.012444
0.012708
0.0132572
0.0135382
0.0138232
0.0141693
0.0145883
0.0149574
0.0152344
0.0154114
0.0156124
0.0158045
0.0159835
0.0161306
0.0163406
0.0166136
0.0169977
0.0172757
0.0174617
0.0176267
0.0178078
0.0180358
0.0182188
0.0185008
0.0195529
0.019826
0.020198
0.02054
0.0207081
0.0210251
0.0212561
0.0215822
0.0217502
0.0219422
0.0221613
0.0224253
0.0225724
0.0227194
0.0229474
0.00642552
0.00728768
0.00796375
0.0081648
0.00837487
0.00858493
0.008849
0.00912206
0.0092691
0.00961717
0.00989921
0.0104483
0.0106493
0.0108414
0.0110424
0.0112615
0.0115435
0.0119645
0.0123606
0.0127266
0.0129456
0.0131017
0.0133477
0.0135848
0.0138128
0.0140048
0.0142148
0.0144069
0.0145899
0.015175
0.00938757
0.0104968
0.0106438
0.0108539
0.011225
0.011567
0.011732
0.0121591
0.0125411
0.0128982
0.0134453
0.0137413
0.0139244
0.0141434
0.0143264
0.0147864
0.0151375
0.0162175
0.0164215
0.0167035
0.0169586
0.0172316
0.0177136
0.0179537
0.0183377
0.0185748
0.0188018
0.0191038
0.0192898
0.0194908
0.0197459
0.0199289
0.0201119
0.020408
0.020672
0.020918
0.0211371
0.0215521
0.0217381
0.0219482
0.0222242
0.0224822
0.0226833
0.0229023
0.0235923
0.0238294
0.00656854
0.00680557
0.00735465
0.00770271
0.00848785
0.00866188
0.00883591
0.00916693
0.009585
0.00978604
0.0100321
0.0102511
0.0104431
0.0106892
0.0108632
0.0110373
0.0113013
0.0115563
0.0117664
0.0120484
0.0127184
0.0129195
0.0132015
0.0134745
0.0137296
0.0140427
0.0141897
0.0144718
0.0156719
0.018645
0.0100217
0.0105168
0.0108469
0.0110729
0.0113279
0.012109
0.0125771
0.0128892
0.0131862
0.0135372
0.0138183
0.0142993
0.0145094
0.0147104
0.0149564
0.0151395
0.0155575
0.0157675
0.0159965
0.0162275
0.0166386
0.0168936
0.0172687
0.0174158
0.0177138
0.0178878
0.0182899
0.0185569
0.0187789
0.0190559
0.01926
0.020125
0.0203981
0.0205541
0.0207101
0.0209111
0.0211752
0.0214572
0.0217682
0.0219812
0.0222453
0.0224463
0.0226023
0.0228223
0.0230713
0.0232453
0.00582154
0.00729774
0.00778583
0.00810088
0.00845794
0.00871297
0.00886899
0.00904301
0.00936409
0.00954713
0.0101302
0.0104032
0.0106223
0.0107783
0.0110064
0.0112524
0.0114535
0.0119305
0.0121045
0.0125095
0.0126836
0.0130506
0.0132427
0.0134617
0.0136177
0.0138188
0.0139838
0.0142298
0.0144579
0.0154149
0.00153836
0.0121367
0.0125388
0.0128599
0.0130699
0.013253
0.013929
0.0141931
0.0148802
0.0150272
0.0154113
0.0157373
0.0159593
0.0161694
0.0163414
0.0167424
0.0169464
0.0172104
0.0178005
0.0180736
0.0183686
0.0185816
0.0188626
0.0191546
0.0193356
0.0195006
0.0196477
0.0199197
0.0201777
0.0206368
0.0208648
0.0210119
0.0212129
0.0214319
0.022249
0.02248
0.022717
0.0230251
0.0231841
0.0233401
0.0235051
0.0236881
0.0238352
0.0240452
0.0243183
0.0245913
0.0072107
0.00738477
0.00787087
0.00812594
0.00829098
0.0087771
0.00898711
0.00923312
0.00938916
0.00953622
0.00989329
0.0102864
0.0104424
0.0106614
0.0108535
0.0110275
0.0113095
0.0114926
0.0116937
0.0122987
0.0124547
0.0126918
0.0128928
0.0131478
0.0133398
0.0135769
0.0138409
0.014033
0.014216
0.01448
0.00762928
0.00864147
0.00924767
0.00963071
0.0100088
0.0106419
0.0109449
0.0113809
0.011783
0.012425
0.0138392
0.0139952
0.0142142
0.0145223
0.0147173
0.0149003
0.0151104
0.0153114
0.0154584
0.0157564
0.0160295
0.0168335
0.0170165
0.0171906
0.0175236
0.0177816
0.0180187
0.0182467
0.0185477
0.0187877
0.0190338
0.0192618
0.0194899
0.0196819
0.0199189
0.020177
0.020451
0.020697
0.0209571
0.0211741
0.0213391
0.0216441
0.0218451
0.0220191
0.0223012
0.0227782
0.00658965
0.00727576
0.0078768
0.0081709
0.00837196
0.00876303
0.00903607
0.00934815
0.0100243
0.0102523
0.0103993
0.0105734
0.0108104
0.0110475
0.0112845
0.0115395
0.0117945
0.0119596
0.0121426
0.0129386
0.0132957
0.0135237
0.0136798
0.0139258
0.0141179
0.0143099
0.014457
0.01473
0.0152701
0.0170551
0.0106239
0.01181
0.011984
0.0121581
0.0128362
0.0130282
0.0132472
0.0134572
0.0136043
0.0140064
0.0142884
0.0144444
0.0146274
0.0150185
0.0154776
0.0160267
0.0162327
0.0164098
0.0165568
0.0167308
0.0170039
0.0172499
0.017514
0.01781
0.018131
0.01837
0.018556
0.0188551
0.0190321
0.0192561
0.0197471
0.0199691
0.0202422
0.0205242
0.0214662
0.0217182
0.0219042
0.0222263
0.0224213
0.0226493
0.0228213
0.0230314
0.0232054
0.0234605
0.0237425
0.0239705
0.00544667
0.0057977
0.0064669
0.00714302
0.00731707
0.0075001
0.00769215
0.00784822
0.00799526
0.00819628
0.0084693
0.00872432
0.00891636
0.00913539
0.00941741
0.00958245
0.00976553
0.0100296
0.0102306
0.0108557
0.0111197
0.0113207
0.0115938
0.0118218
0.0120138
0.0121969
0.0123889
0.012572
0.012719
0.01292
0.00238352
0.00968656
0.0101506
0.0105436
0.0110207
0.0113418
0.0117618
0.0119269
0.0127981
0.0130621
0.0133681
0.0140382
0.0142213
0.0144763
0.0147134
0.0149424
0.0152005
0.0154555
0.0156745
0.0158555
0.0160655
0.0163216
0.0167496
0.0170346
0.0172086
0.0178996
0.0180737
0.0183467
0.0187127
0.0189318
0.0193238
0.0203898
0.0206628
0.0209259
0.0212109
0.0213939
0.0215839
0.021758
0.021932
0.022285
0.022561
0.0228431
0.0230711
0.0233081
0.0235431
0.0237441
0.00436323
0.00747251
0.00785658
0.0088448
0.00908183
0.00927389
0.00951995
0.00969399
0.00985002
0.0100421
0.0102611
0.0104712
0.0108822
0.0110653
0.0112843
0.0115663
0.0117584
0.0119324
0.0121694
0.0123885
0.0125535
0.0127185
0.0128746
0.0131386
0.0138106
0.0140207
0.0142307
0.0144498
0.0147528
0.0152388
0.00712523
0.00849138
0.00975355
0.0100996
0.0107517
0.0111718
0.0115198
0.0118409
0.0120779
0.0126589
0.012806
0.013025
0.013364
0.0136941
0.0140871
0.0142792
0.0147322
0.0149412
0.0159992
0.0161733
0.0163563
0.0165483
0.0168304
0.0171194
0.0173024
0.0174675
0.0177815
0.0180395
0.0183215
0.0186676
0.0189556
0.0191506
0.0194026
0.0196697
0.0198437
0.0200547
0.0203038
0.0205678
0.0207398
0.0210218
0.0212139
0.0214419
0.0216069
0.0218799
0.023913
0.0253681
0.00587133
0.00636742
0.00656848
0.00678755
0.00719863
0.00747166
0.00782872
0.00820375
0.00847678
0.00863284
0.00936291
0.00963593
0.00985495
0.010128
0.010365
0.0105391
0.0108031
0.0109682
0.0111512
0.0113343
0.0119863
0.0121603
0.0123704
0.0125984
0.0127545
0.0129285
0.0131746
0.0134116
0.0136756
0.0138407
0.0092942
0.0101063
0.0108845
0.0111786
0.0115606
0.0118547
0.0121277
0.0122747
0.0126318
0.0130238
0.0132098
0.0135939
0.0137949
0.01405
0.014247
0.014493
0.015011
0.0155691
0.0157931
0.0159581
0.0163041
0.0167182
0.0170762
0.0172982
0.0175173
0.0179923
0.0181873
0.0184154
0.0190524
0.0192984
0.0195175
0.0204485
0.0206945
0.0209116
0.0211306
0.0213637
0.0215587
0.0217328
0.0219438
0.0221298
0.0222949
0.0224849
0.02265
0.02301
0.023196
0.0248461
0.000656121
0.0041788
0.00511511
0.00614731
0.00635732
0.00683545
0.00764366
0.00804374
0.0083918
0.00980995
0.00997498
0.010131
0.0103681
0.0105421
0.0113622
0.0115363
0.0117283
0.0118844
0.0121034
0.0122594
0.0124515
0.0126525
0.0128716
0.0134846
0.0136407
0.0144147
0.0146338
0.0148168
0.0150988
0.0153719
0.00784318
0.00869829
0.00943835
0.0102724
0.0106115
0.0107766
0.0109506
0.0115748
0.0123859
0.0125509
0.013522
0.013777
0.0140141
0.0143781
0.0145521
0.0149361
0.0151372
0.0153922
0.0155483
0.0176293
0.0178963
0.0181694
0.0183524
0.0186644
0.0189874
0.0191645
0.0193655
0.0196085
0.0200116
0.0202756
0.0206056
0.0207527
0.0209807
0.0211457
0.0213737
0.0216108
0.0218568
0.0220129
0.0222299
0.0224849
0.0226589
0.022947
0.023115
0.023388
0.0239701
0.0241801
0.00641154
0.0066486
0.00752873
0.00767577
0.00783181
0.00805086
0.00833291
0.00860595
0.00877097
0.00948303
0.00970207
0.00996613
0.0102032
0.0105872
0.0107883
0.0109353
0.0111634
0.0118834
0.0121565
0.0123485
0.0125495
0.0127956
0.0130056
0.0132427
0.0133897
0.0135817
0.0137917
0.0140198
0.0142748
0.0144938
0.00954041
0.0105415
0.0108675
0.0110715
0.0117936
0.0119977
0.0123007
0.0126577
0.0133248
0.0135539
0.014389
0.014536
0.014683
0.014989
0.015289
0.0154841
0.0165951
0.0167511
0.0169791
0.0171442
0.0173362
0.0176092
0.0180093
0.0182284
0.0184384
0.0186304
0.0188135
0.0191025
0.0192856
0.0198126
0.0201016
0.0203286
0.0205237
0.0207247
0.0209077
0.0211088
0.0214298
0.0216939
0.0218679
0.0220239
0.022214
0.022361
0.022517
0.023234
0.0234441
0.0263271
0.00406305
0.00681344
0.00709547
0.00763353
0.00778057
0.00797263
0.00825468
0.00848273
0.00869278
0.00896584
0.00943395
0.00962598
0.009872
0.010145
0.0104731
0.0106651
0.0108932
0.0110402
0.0112863
0.0114783
0.0117424
0.0119074
0.0123274
0.0126665
0.0134625
0.0137355
0.0138826
0.0140296
0.0142486
0.0144767
0.0124295
0.0126935
0.0128765
0.0130596
0.0132606
0.0134617
0.0136267
0.0141738
0.0143298
0.0147638
0.0151119
0.0154869
0.0157309
0.0159049
0.016262
0.016441
0.016615
0.0171281
0.0173292
0.0175933
0.0178033
0.0181753
0.0184424
0.0186254
0.0188265
0.0190635
0.0192105
0.0194806
0.0196916
0.0201756
0.0203586
0.0206647
0.0209707
0.0212527
0.0216317
0.0228067
0.0230438
0.0232538
0.0235088
0.0236558
0.0240709
0.024632
0.024869
0.0254871
0.0257061
0.0287421
0.00667461
0.00692968
0.00712174
0.0073858
0.00766783
0.00788686
0.00803389
0.00828892
0.00865299
0.00881801
0.00899203
0.00924705
0.00945707
0.0096581
0.00994013
0.0102042
0.0104052
0.0105972
0.0107622
0.0109453
0.0111283
0.0113294
0.0115304
0.0117045
0.0121066
0.0122536
0.0124546
0.0126377
0.0132647
0.0135198
0.00954739
0.0102665
0.0106465
0.0111986
0.0114267
0.0117367
0.0120517
0.0127369
0.0129199
0.0130759
0.01346
0.013607
0.013763
0.0139821
0.0146211
0.0151552
0.0153632
0.0155732
0.0158193
0.0159843
0.0162394
0.0165034
0.0166684
0.0169014
0.0173906
0.0176536
0.0178306
0.0180896
0.0182756
0.0185016
0.0187477
0.0189197
0.0193517
0.0198688
0.0201358
0.0203908
0.0205468
0.0207928
0.0209758
0.0211499
0.0213059
0.0214709
0.021663
0.021927
0.022074
0.022347
0.00560625
0.00576231
0.00660747
0.00692852
0.00712057
0.00727662
0.00746867
0.00761573
0.00779876
0.00834787
0.00862991
0.00889398
0.00909503
0.00934105
0.00949707
0.00977909
0.0100161
0.0102441
0.0105171
0.0107452
0.0109642
0.0111743
0.0113753
0.0120813
0.0122914
0.0126305
0.0128855
0.0130776
0.0132336
0.0138276
0.00728414
0.00976338
0.0099674
0.0106376
0.0107847
0.0110037
0.0112137
0.0114237
0.0119278
0.0120928
0.0122848
0.0124499
0.0126329
0.0128729
0.0130949
0.013452
0.0138791
0.0142631
0.0144102
0.0146382
0.0148392
0.0150882
0.0153103
0.0155113
0.0157033
0.0161583
0.0164164
0.0166984
0.0169444
0.0171725
0.0173195
0.0175345
0.0177566
0.0187717
0.0190177
0.0192277
0.0193748
0.0196389
0.0199359
0.0201219
0.020386
0.020533
0.020969
0.021565
0.0218431
0.0228011
0.00553035
0.00664744
0.00681249
0.00701354
0.00721456
0.00737058
0.00775462
0.00815666
0.00837571
0.00862178
0.00876885
0.00892488
0.00915291
0.00934494
0.00958198
0.00972901
0.00995704
0.0101221
0.0103141
0.0105062
0.0107612
0.0109172
0.0111813
0.0114003
0.0115744
0.0117394
0.0120125
0.0126215
0.0127865
0.0129876
0.0117983
0.0131395
0.0133495
0.0138716
0.0140546
0.0143007
0.0145827
0.0148957
0.0152108
0.0153758
0.0155659
0.0158029
0.0160839
0.016288
0.016498
0.0166991
0.0170921
0.0172752
0.0175672
0.0179452
0.0181013
0.0182663
0.0185263
0.0189584
0.0191594
0.0194284
0.0196934
0.0198524
0.0200535
0.0202725
0.0205435
0.0208256
0.0210266
0.0212186
0.0214736
0.0224356
0.0227166
0.0230957
0.0232547
0.0235097
0.0237918
0.0240648
0.0243198
0.0245118
0.0247578
0.0249589
0.00369185
0.0040289
0.00485207
0.00516215
0.0053182
0.00580928
0.00705553
0.0074396
0.00760468
0.00805577
0.0082208
0.00849383
0.00871286
0.00988794
0.0102631
0.0104821
0.0106651
0.0108391
0.0110672
0.0113402
0.0115502
0.0117062
0.0118983
0.0121353
0.0123634
0.0125194
0.0127925
0.0136866
0.0139237
0.0145267
0.00716419
0.00888437
0.00958046
0.0100845
0.0106246
0.0110267
0.0114197
0.0116208
0.0120409
0.0122689
0.012506
0.01268
0.012845
0.013118
0.0135201
0.0137481
0.0141502
0.0143512
0.0144983
0.0147803
0.0151104
0.0153384
0.0156024
0.0157975
0.0169855
0.0171415
0.0172975
0.0175435
0.0177715
0.0180656
0.0183406
0.0185876
0.0188656
0.0191576
0.0193406
0.0196167
0.0198207
0.0200487
0.0203787
0.0205918
0.0207888
0.0211168
0.0213929
0.0216029
0.0217499
0.021915
0.000656056
0.00524097
0.00630627
0.00645331
0.0073695
0.00755253
0.00779856
0.0080176
0.00820066
0.00861173
0.00878577
0.00898679
0.0091698
0.00934385
0.0096079
0.00979993
0.010913
0.0113041
0.0115411
0.0117061
0.0119882
0.0122342
0.0123993
0.0125554
0.0127294
0.0129394
0.0131135
0.0133865
0.0135785
0.0141096
0.0118764
0.0120954
0.0126445
0.0131735
0.0135756
0.0139776
0.0142416
0.0144066
0.0146167
0.0149047
0.0151268
0.0153458
0.0158658
0.0161529
0.0163659
0.0166479
0.016885
0.017198
0.01742
0.017787
0.0180541
0.0183271
0.0186751
0.0189031
0.0191492
0.0193862
0.0196593
0.0198963
0.0202014
0.0203964
0.0206634
0.0209575
0.0211405
0.0213596
0.0216136
0.0218716
0.0220367
0.0222787
0.0231827
0.0234047
0.0237578
0.0239798
0.0242778
0.0245598
0.0248058
0.0250609
0.000774109
0.00777047
0.00807355
0.00832858
0.00848461
0.00888767
0.00908874
0.00931681
0.00951785
0.00973691
0.00993797
0.010277
0.0104961
0.0107331
0.0109431
0.0111531
0.0113451
0.0116272
0.0119092
0.0121193
0.0122753
0.0126144
0.0128424
0.0130344
0.0132265
0.0134905
0.0136556
0.0143096
0.0144656
0.0146847
0.00655396
0.00845835
0.00886942
0.00938252
0.00970355
0.00992258
0.0103996
0.0111437
0.0115008
0.0117458
0.0123959
0.0127919
0.013002
0.013176
0.013332
0.013497
0.0137251
0.0139581
0.0141231
0.0143872
0.0146062
0.0148072
0.0149992
0.0164643
0.0167723
0.0171053
0.0173694
0.0176514
0.0179155
0.0181125
0.0185266
0.0187716
0.0189576
0.0191226
0.0192697
0.0196777
0.0199177
0.0201007
0.0203648
0.0206678
0.0208628
0.0210349
0.0212269
0.021619
0.022339
0.022576
0.00568117
0.00598421
0.00672635
0.00724844
0.00743146
0.00779757
0.00795362
0.00820864
0.00860173
0.00891377
0.00910581
0.00935185
0.00951689
0.00977195
0.010319
0.010538
0.0108021
0.0109581
0.0111861
0.0113872
0.0119402
0.0122133
0.0124684
0.0127414
0.0130054
0.0132514
0.0133985
0.0136356
0.0138726
0.0152436
0.00793898
0.0101113
0.0103153
0.0116326
0.0125887
0.0129457
0.0154139
0.0156059
0.01587
0.016026
0.016191
0.0163381
0.0165571
0.0168661
0.0171422
0.0173162
0.0175712
0.0178442
0.0186333
0.0188253
0.0190533
0.0192794
0.0194984
0.0197084
0.0200475
0.0203295
0.0205215
0.0206686
0.0208926
0.0211646
0.0214286
0.0216417
0.0217977
0.0219987
0.0222768
0.0225228
0.0227238
0.0229879
0.0231619
0.023381
0.023537
0.02372
0.0239941
0.0242701
0.0244921
0.0253611
0.00545524
0.00665336
0.00680943
0.00713048
0.00747652
0.00774956
0.0086457
0.00888275
0.00915579
0.00939284
0.00962087
0.0098849
0.010287
0.010443
0.010644
0.011055
0.0113281
0.0115561
0.0117032
0.0119852
0.0122222
0.0124683
0.0127144
0.0129064
0.0136124
0.0138044
0.0140235
0.0142785
0.0145606
0.0148246
0.0110254
0.0114804
0.0117744
0.0119335
0.0125316
0.0129336
0.0132956
0.0136647
0.0142228
0.0144059
0.0146159
0.0148979
0.015419
0.015713
0.016274
0.016591
0.0168371
0.0170111
0.0171852
0.0174662
0.0177062
0.0179522
0.0181893
0.0184623
0.0188553
0.0191283
0.0193923
0.0196024
0.0198124
0.0199775
0.0201875
0.0209226
0.0212066
0.0213656
0.0215577
0.0218217
0.0219868
0.0222688
0.0224878
0.0226438
0.0228809
0.0231389
0.0233339
0.023481
0.02366
0.02489
0.00440082
0.00663832
0.00696939
0.00738943
0.00790252
0.00828654
0.00856859
0.00873365
0.0089257
0.00933674
0.00954676
0.00982879
0.0100658
0.0102758
0.0109599
0.0111519
0.011308
0.011728
0.0121121
0.0123582
0.0125322
0.0129433
0.0131263
0.0132823
0.0134384
0.0135944
0.0137684
0.0145215
0.0146955
0.0149056
0.00813302
0.0091091
0.00977619
0.0101692
0.0103973
0.0109374
0.0113305
0.0117145
0.0119436
0.0123016
0.0127127
0.0131787
0.0133737
0.0136997
0.0146138
0.0147698
0.0151439
0.015468
0.015678
0.015954
0.016163
0.0163641
0.0165631
0.0167371
0.0170701
0.0172831
0.0176492
0.0178052
0.0181442
0.0183723
0.0186503
0.0188813
0.0190283
0.0192113
0.0193854
0.0195324
0.0197784
0.0199955
0.0202235
0.0204585
0.0210765
0.0213496
0.0215596
0.0217517
0.0219977
0.0245568
0.00807538
0.00831242
0.00871746
0.00888247
0.00925752
0.00941357
0.00969564
0.00995071
0.0101428
0.0104068
0.0105808
0.0108179
0.0110999
0.011382
0.011529
0.0117301
0.0119221
0.0120871
0.0127052
0.0128522
0.0129993
0.0132453
0.0135183
0.0136833
0.0139384
0.0141394
0.0143404
0.0145505
0.0147605
0.0149616
0.00650769
0.00772093
0.00845704
0.00881511
0.00930214
0.0103743
0.0111635
0.0116405
0.0124697
0.0126347
0.0131928
0.0134208
0.0135769
0.0139519
0.0142109
0.014406
0.01458
0.015044
0.0152661
0.0157531
0.0166401
0.0168141
0.0171712
0.0173902
0.0175553
0.0179223
0.0181713
0.0183883
0.0185443
0.0188264
0.0190274
0.0192645
0.0195155
0.0196835
0.0199385
0.0201306
0.0202956
0.0205596
0.0207156
0.0209257
0.0211357
0.0214707
0.0216387
0.0218668
0.0223978
0.0257759
0.00454703
0.0053912
0.00592232
0.00658046
0.00674552
0.00707555
0.00773573
0.00813779
0.00869588
0.00885192
0.00903495
0.009218
0.00938307
0.00954812
0.00993215
0.0105442
0.0106912
0.0109103
0.0111833
0.0113934
0.0116754
0.0118765
0.0120325
0.0122155
0.0124346
0.0126986
0.0128547
0.0130377
0.0132567
0.0135028
0.00795424
0.00827329
0.00944847
0.0098535
0.0100635
0.0105946
0.0107596
0.0109337
0.0114288
0.0117498
0.0119059
0.0120979
0.0123699
0.012547
0.012782
0.0130851
0.0134691
0.0138172
0.0140452
0.0143003
0.0145153
0.0147704
0.0150074
0.0152964
0.0164874
0.0167515
0.0170155
0.0172705
0.0174716
0.0177446
0.0179366
0.0182036
0.0184076
0.0187517
0.0189947
0.0191627
0.0193638
0.0196258
0.0198898
0.0201178
0.0203728
0.0205289
0.0208909
0.0211219
0.0213679
0.021623
0.00572823
0.00587527
0.00604031
0.00673537
0.00729149
0.00746553
0.00770259
0.00796663
0.00813167
0.00847073
0.00873479
0.00915492
0.00947602
0.00970405
0.0100971
0.0104902
0.0107272
0.0109102
0.0111743
0.0113843
0.0116123
0.0118944
0.0125284
0.0127834
0.0129395
0.0132215
0.0134046
0.0136326
0.0138966
0.0141606
0.00943038
0.0102025
0.0106345
0.0114697
0.0119377
0.0120848
0.0124779
0.0128529
0.0130449
0.013327
0.013587
0.013734
0.013962
0.014208
0.0144551
0.0147871
0.0150721
0.0152282
0.0155012
0.0157382
0.0160023
0.0162803
0.0166764
0.0168414
0.0170965
0.0173065
0.0176355
0.0178845
0.0181486
0.0183767
0.0185417
0.0187967
0.0196887
0.0198837
0.0201028
0.0203308
0.0205138
0.0206948
0.0210118
0.0211979
0.0213719
0.0216539
0.021801
0.022083
0.022311
0.02253
0.00776547
0.0079125
0.00812253
0.00829658
0.00852463
0.00880666
0.00921771
0.00940076
0.00965578
0.00989283
0.0104329
0.0106879
0.010871
0.0110181
0.0112371
0.0114472
0.0116213
0.0118313
0.0121043
0.0122694
0.0124794
0.0126714
0.0129174
0.0130915
0.0132925
0.0139916
0.0142196
0.0143666
0.0145317
0.0147687
0.0142656
0.0145477
0.0147847
0.0149857
0.0152228
0.0155048
0.0156518
0.0160539
0.0162369
0.016438
0.01672
0.0169971
0.0172461
0.0174202
0.0178562
0.0181392
0.0183253
0.0184813
0.0187183
0.0192023
0.0194244
0.0195894
0.0198714
0.0201265
0.0203905
0.0206725
0.0208376
0.0210896
0.0212916
0.0215106
0.0216666
0.0219107
0.0220757
0.0222587
0.0224377
0.0226777
0.0228968
0.0231638
0.0235038
0.0237528
0.0240128
0.0242228
0.0246069
0.025153
0.02539
0.0255731
0.00664758
0.00726962
0.00765366
0.00780969
0.0080467
0.00823872
0.00846674
0.00887581
0.00946786
0.00979794
0.00999898
0.010227
0.0105
0.0107101
0.0109471
0.0112022
0.0114212
0.0116853
0.0118773
0.0120964
0.0122614
0.0124085
0.0125735
0.0128466
0.0130386
0.0137737
0.0139297
0.0141937
0.0143858
0.0145418
0.0100446
0.0105397
0.0107047
0.0111998
0.0114009
0.0117489
0.0121149
0.0122799
0.012543
0.012765
0.0131491
0.0135692
0.0138062
0.0139802
0.0143283
0.0145563
0.0148843
0.0150314
0.0153134
0.0157214
0.0160155
0.0163295
0.0164945
0.0167405
0.0170616
0.0172626
0.0175086
0.0177277
0.0178747
0.0181008
0.0183738
0.0185838
0.0189148
0.0192089
0.0203809
0.0205369
0.020792
0.021065
0.0214321
0.0217611
0.0220851
0.0222441
0.0224722
0.0226282
0.0228382
0.0232172
0.00703152
0.00741859
0.00777566
0.00813273
0.0084358
0.00863682
0.00883786
0.00923096
0.00939603
0.00964209
0.00990614
0.0101612
0.0103442
0.0106263
0.0108453
0.0111183
0.0113283
0.0115204
0.0117574
0.0120394
0.0122584
0.0124144
0.0125975
0.0127715
0.0129816
0.0131916
0.0139896
0.0142447
0.0144727
0.0146738
0.0113787
0.0116427
0.0118798
0.0120838
0.0123238
0.0125248
0.0126988
0.0130649
0.0132479
0.013413
0.0136951
0.0150761
0.0152592
0.0163992
0.0165553
0.0168194
0.0170654
0.0173294
0.0175215
0.0177945
0.0180985
0.0183636
0.0185916
0.0187746
0.0190387
0.0193367
0.0195477
0.0198157
0.0200917
0.0203558
0.0205388
0.0207398
0.0209948
0.0211688
0.0213768
0.0216599
0.0218819
0.0220379
0.022185
0.022586
0.022874
0.023092
0.023356
0.0235841
0.0237401
0.0239861
0.00505323
0.00724656
0.00739361
0.00760367
0.00811272
0.00867085
0.0090279
0.00929193
0.00948398
0.00963104
0.00981408
0.0100961
0.0108251
0.0110531
0.0112002
0.0114282
0.0116293
0.0118393
0.0120313
0.0122233
0.0124334
0.0125894
0.0128714
0.0131354
0.0133995
0.0136366
0.0138286
0.0140386
0.0141857
0.0152218
0.0100905
0.0127446
0.0132877
0.0137267
0.0139217
0.0140957
0.0142608
0.0144438
0.0147829
0.015002
0.015422
0.0156771
0.0158511
0.0162532
0.0164322
0.0166813
0.0169003
0.0171284
0.0172754
0.0175964
0.0177435
0.0178905
0.0180645
0.0183465
0.0192756
0.0194226
0.0196326
0.0198067
0.0201517
0.0204277
0.0205927
0.0208198
0.0209788
0.0212098
0.0213958
0.0215519
0.0217799
0.0219539
0.0222259
0.022448
0.022622
0.022814
0.022961
0.0232251
0.0234441
0.0236362
0.00529222
0.00544825
0.00578732
0.00662246
0.0067695
0.00753866
0.00793178
0.00825289
0.00846294
0.00884704
0.00910206
0.00925808
0.00960613
0.00976217
0.0100352
0.0107723
0.0109283
0.0111833
0.0118604
0.0120344
0.0122625
0.0124545
0.0126646
0.0128926
0.0131116
0.0135227
0.0137508
0.0138978
0.0141708
0.0147469
0.0135038
0.0137408
0.0140578
0.0143248
0.0146828
0.0149499
0.0152299
0.015639
0.015804
0.0159691
0.0162152
0.0163982
0.0168093
0.0170373
0.0172473
0.0174483
0.0179774
0.0185544
0.0188054
0.0189705
0.0192255
0.0194705
0.0197015
0.0200546
0.0203126
0.0205476
0.0209896
0.0212296
0.0214757
0.0217127
0.0219767
0.0221397
0.0223047
0.0224698
0.0228448
0.0231179
0.0233909
0.024455
0.024629
0.0249441
0.0251841
0.0253582
0.0256312
0.0257782
0.0260062
0.0261622
0.00585753
0.00633263
0.00673471
0.00704677
0.00720281
0.00741285
0.00804089
0.00838895
0.008737
0.00888403
0.00912105
0.00967913
0.00982619
0.0100363
0.0103093
0.0104743
0.0108654
0.0110934
0.0113575
0.0116125
0.0118135
0.0120506
0.0123056
0.0124796
0.0134417
0.0136157
0.0138888
0.0140808
0.0143268
0.015239
0.00955737
0.0103626
0.0114437
0.0121139
0.012643
0.012937
0.013691
0.014029
0.0142151
0.0151281
0.0153092
0.0155012
0.0156752
0.0159032
0.0161312
0.0162783
0.0164253
0.0166263
0.0168984
0.0170754
0.0172674
0.0177535
0.0181315
0.0182905
0.0184826
0.0187016
0.0188487
0.0199867
0.0201338
0.0206138
0.0208898
0.0211269
0.0213149
0.0215249
0.021821
0.021989
0.0221541
0.0223371
0.0226102
0.0227752
0.0230952
0.0233242
0.0235702
0.0238072
0.0240513
0.0246273
0.00568342
0.0076937
0.00803273
0.00859078
0.00886379
0.00923887
0.00945791
0.00960496
0.00978801
0.010034
0.0102171
0.0106371
0.0108742
0.0111472
0.0114113
0.0118224
0.0119964
0.0122065
0.0124705
0.0126446
0.0129267
0.0135877
0.0137618
0.0139088
0.0140829
0.0142929
0.0145749
0.0147669
0.015352
0.0156071
0.00331473
0.00674835
0.0080585
0.00866153
0.0114709
0.012077
0.0122871
0.0126711
0.0130082
0.0133562
0.0137253
0.0138993
0.0142843
0.0144793
0.0147074
0.0149444
0.0152184
0.0154495
0.0157295
0.0158765
0.0160956
0.0164056
0.0166906
0.0169006
0.0173207
0.0175967
0.0177917
0.0180197
0.0182207
0.0184848
0.0186678
0.0189138
0.0191508
0.0194059
0.02022
0.020778
0.021024
0.0212791
0.0215251
0.0217261
0.0219632
0.0221282
0.0223112
0.0225832
0.0228323
0.0239153
0.00724884
0.00744087
0.0076599
0.00786993
0.00804396
0.00840101
0.00857506
0.00907024
0.00927132
0.00969138
0.0099374
0.0102014
0.0104384
0.0106665
0.0108135
0.0110325
0.0112875
0.0116926
0.0120886
0.0122807
0.0124637
0.0127457
0.0129108
0.0131208
0.0132769
0.0135049
0.013661
0.0138531
0.0141171
0.0143812
0.00254255
0.00604418
0.0101087
0.0106218
0.0109259
0.011403
0.01155
0.011889
0.0126691
0.0128792
0.0132722
0.0136473
0.0138393
0.0139954
0.0154694
0.0156824
0.0158745
0.0161645
0.0164495
0.0167226
0.0168786
0.0170887
0.0173077
0.0175267
0.0178247
0.0180687
0.0182747
0.0184308
0.0186048
0.0187518
0.0190978
0.0192568
0.0194579
0.019659
0.019952
0.020165
0.020366
0.0205761
0.0207861
0.0209421
0.0210891
0.0212542
0.0215482
0.0218242
0.0221132
0.0223852
0.00803062
0.00830367
0.00899191
0.00921095
0.009358
0.00962204
0.0101781
0.0103792
0.0105892
0.0108262
0.0111082
0.0113093
0.0115103
0.0117654
0.0119844
0.0121674
0.0123595
0.0125605
0.0127075
0.0129805
0.0133826
0.0135656
0.0137307
0.0139767
0.0142227
0.0148408
0.0150779
0.015234
0.015408
0.015555
0.00980087
0.0103229
0.010497
0.010809
0.0110011
0.0122102
0.0127322
0.0129243
0.0131433
0.0133713
0.0135813
0.0138004
0.0141574
0.0144034
0.0146585
0.0149105
0.0151685
0.0154705
0.0157256
0.0159566
0.0161127
0.0163587
0.0167318
0.0171248
0.0174219
0.0176709
0.0184859
0.018817
0.019075
0.01931
0.019529
0.0197121
0.0198771
0.0201592
0.0204232
0.0207192
0.0208932
0.0210722
0.0213182
0.0214923
0.0217563
0.0219483
0.0223083
0.0225843
0.0228304
0.0230494
0.00568257
0.0060416
0.00619763
0.00681675
0.0069998
0.00732986
0.00753987
0.00872605
0.00891808
0.00909213
0.00924817
0.00941318
0.00977726
0.00994231
0.0101254
0.0106275
0.0109875
0.0111615
0.0113086
0.0115366
0.0117647
0.0119747
0.0121577
0.0123048
0.0125508
0.0129709
0.0131989
0.013382
0.013646
0.0141501
0.00710834
0.0115988
0.012295
0.0126161
0.0127901
0.0130172
0.0131852
0.0134132
0.0135783
0.0139173
0.0141623
0.0145364
0.0147994
0.0154014
0.0156234
0.0158245
0.0160345
0.0162086
0.0164276
0.0166017
0.0169497
0.0171507
0.0174467
0.0178218
0.0179868
0.0191728
0.0194368
0.0196829
0.0199199
0.0200939
0.02034
0.020568
0.020769
0.021177
0.0214711
0.0217441
0.0219991
0.0222542
0.0224192
0.0226383
0.0227943
0.0230313
0.0232484
0.0235214
0.0238954
0.0242044
0.00516847
0.00549853
0.00630668
0.00712085
0.0072679
0.00746894
0.00784203
0.00855715
0.00893021
0.00923325
0.0100373
0.0103194
0.0105114
0.0107485
0.0110605
0.0112166
0.0116736
0.0119286
0.0121926
0.0123577
0.0125947
0.0128407
0.0130688
0.0132608
0.0135249
0.0137079
0.013918
0.014599
0.0148091
0.0173051
0.0137506
0.0145857
0.0147507
0.0149517
0.0156998
0.0159729
0.0162729
0.0164479
0.016859
0.017078
0.017435
0.0178281
0.0182031
0.0187352
0.0190162
0.0192382
0.0194483
0.0196043
0.0198684
0.0204074
0.0211015
0.0213555
0.0216135
0.0220335
0.0222076
0.0224086
0.0227757
0.0229497
0.0230967
0.0235167
0.0237898
0.0239548
0.0241108
0.0244029
0.0246069
0.0248169
0.025054
0.025228
0.025436
0.025678
0.0258251
0.0261391
0.0263431
0.0266251
0.0277352
0.0305463
0.00678466
0.00695872
0.00733379
0.00748982
0.00772685
0.00792789
0.008487
0.00875102
0.00909008
0.00937212
0.00999717
0.0103633
0.0106183
0.0108913
0.0111194
0.0114565
0.0118405
0.0120055
0.0121886
0.0124346
0.0127077
0.0128997
0.0130917
0.0133108
0.0134668
0.0137488
0.0139229
0.0146579
0.014895
0.015114
0.00794951
0.00944261
0.00981767
0.0108237
0.0111628
0.0132721
0.0134731
0.0137461
0.0140281
0.0142562
0.0144302
0.0147943
0.0151333
0.0153794
0.0157544
0.0160274
0.0161995
0.0164635
0.0168186
0.0170286
0.0173016
0.0175747
0.0179497
0.0182847
0.0185167
0.0186757
0.0189398
0.0191588
0.0194958
0.0204248
0.0206539
0.0209119
0.0212449
0.0215299
0.0217219
0.021941
0.022124
0.0223251
0.0225082
0.0226732
0.0229062
0.0231912
0.0234313
0.0235963
0.0238153
0.0241683
0.00673876
0.00704182
0.00719789
0.00785199
0.00807106
0.00827212
0.00852717
0.00868322
0.00906726
0.00933131
0.00959536
0.0100434
0.0103074
0.0104995
0.0107275
0.0109016
0.0110846
0.0114177
0.0116187
0.0117657
0.0120968
0.0124808
0.0128578
0.0130499
0.0133919
0.0139589
0.0141689
0.0143429
0.014499
0.014664
0.00518805
0.00927156
0.00992965
0.0114069
0.0116079
0.012103
0.0126191
0.0130151
0.0132862
0.0134762
0.0140283
0.0146683
0.0150674
0.0153344
0.0155714
0.0157814
0.0161745
0.0165586
0.0167596
0.0171156
0.0173196
0.0183066
0.0186957
0.0189867
0.0192807
0.0194998
0.0196648
0.0198569
0.0200669
0.0203219
0.020621
0.020825
0.021026
0.0212541
0.0215961
0.0218901
0.0220371
0.0223192
0.0225112
0.0226943
0.0229223
0.0231143
0.0232974
0.0234804
0.0236544
0.0241675
0.00667777
0.0070798
0.00724483
0.0075839
0.00779394
0.00803098
0.00854415
0.00877221
0.00895523
0.0092943
0.00950433
0.00975038
0.00995143
0.0101345
0.0105455
0.0107646
0.0110016
0.0111576
0.0113946
0.0115867
0.0117517
0.0120158
0.0125238
0.0127878
0.0130519
0.0132079
0.013355
0.013574
0.0137841
0.0140571
0.0103967
0.0109458
0.0113538
0.0115988
0.0119389
0.012814
0.013015
0.0133811
0.0136271
0.0139842
0.0146702
0.0149783
0.0152363
0.0156503
0.0158363
0.0161003
0.0162924
0.0165564
0.0167485
0.0170085
0.0171675
0.0174496
0.0176866
0.0183436
0.0185266
0.0189537
0.0193557
0.0195927
0.0199037
0.0203097
0.0205227
0.0207588
0.0209988
0.0211458
0.0214279
0.0216649
0.021902
0.022112
0.0222951
0.0225681
0.0228571
0.0231392
0.0234372
0.0240642
0.0242292
0.0249413
0.00578737
0.00652956
0.00702559
0.00736463
0.00756568
0.00795073
0.00832579
0.00858983
0.00893789
0.00915692
0.00933096
0.00953198
0.0100361
0.0102911
0.0106752
0.0108672
0.0111222
0.0113143
0.0114883
0.0116534
0.0119264
0.0126325
0.0128786
0.0131066
0.0133707
0.0136527
0.0138717
0.0140818
0.0142648
0.0145019
0.0120547
0.0128368
0.0130858
0.0141768
0.0146179
0.0148879
0.01511
0.015257
0.0154401
0.0157611
0.0163943
0.0166133
0.0167603
0.0170153
0.0172794
0.0175254
0.0176724
0.0178645
0.0180295
0.0181765
0.0183776
0.0186147
0.0188427
0.0190888
0.0193528
0.0195448
0.0198049
0.0200109
0.0202149
0.0205359
0.020794
0.021079
0.02131
0.021505
0.021884
0.0226821
0.0229461
0.0231741
0.0233391
0.0235492
0.0237482
0.0239402
0.0241412
0.0243963
0.0246333
0.0248344
0.00708655
0.0072696
0.00747065
0.00784571
0.00837483
0.00861186
0.0088579
0.00905893
0.00946096
0.00997407
0.0102021
0.0104752
0.0106492
0.0109313
0.0111323
0.0113243
0.0115523
0.0117893
0.0120534
0.0122274
0.0123835
0.0126206
0.0128486
0.0135456
0.0137377
0.0139837
0.0142298
0.0144578
0.0146228
0.0147879
0.0105966
0.0107596
0.0115758
0.0117678
0.0123169
0.0126109
0.0129769
0.013637
0.013874
0.0144031
0.0146411
0.0149081
0.0151271
0.0152832
0.0154752
0.0157032
0.0160063
0.0163463
0.0165393
0.0167584
0.0169054
0.0171784
0.0175335
0.0177346
0.0179626
0.0183067
0.0188747
0.0190967
0.0193727
0.0196458
0.0206538
0.0208279
0.0211329
0.0212919
0.021613
0.021794
0.022098
0.0223111
0.0224941
0.0226771
0.0229941
0.0232251
0.0234981
0.0236812
0.0241312
0.0260513
0.00426022
0.00457031
0.00519549
0.00600265
0.00615869
0.00648876
0.00680981
0.00701985
0.0073589
0.00772494
0.00792597
0.00843712
0.00861118
0.00876722
0.00976928
0.00994333
0.0101444
0.0103904
0.0106005
0.0108465
0.0110296
0.0114506
0.0115976
0.0118076
0.0119997
0.0121737
0.0123657
0.0125398
0.0127948
0.0141659
0.0109207
0.0117648
0.0123209
0.012513
0.012669
0.0128521
0.0133431
0.0135021
0.0139131
0.0144712
0.0147672
0.0149262
0.0151993
0.0155113
0.0156973
0.0159344
0.0161085
0.0164525
0.0167015
0.0168665
0.0170766
0.0172236
0.0174607
0.0176617
0.0179557
0.0181508
0.0184468
0.0187288
0.0189388
0.0191758
0.0193589
0.0196229
0.020043
0.020371
0.0206621
0.0209721
0.0216581
0.0218861
0.0221321
0.0222972
0.0225432
0.0229192
0.0231483
0.0233223
0.0236043
0.0238773
0.00904981
0.00927784
0.00950589
0.0100169
0.010173
0.010383
0.0105481
0.0111491
0.0113412
0.0115602
0.0117432
0.0119983
0.0121813
0.0123284
0.0125564
0.0128205
0.0129676
0.0131956
0.0137447
0.0139637
0.0142277
0.0144468
0.0146838
0.0148938
0.0151128
0.0153859
0.016004
0.016151
0.016352
0.0192711
0.00803353
0.0106748
0.0112309
0.01149
0.011823
0.0120691
0.0122251
0.0127902
0.0129732
0.0131472
0.0133393
0.0137593
0.0140403
0.0141994
0.0144074
0.0145634
0.0151125
0.0152595
0.0156196
0.0159046
0.0162666
0.0164886
0.0167357
0.0169127
0.0172087
0.0173717
0.0176267
0.0178458
0.0180558
0.0183268
0.0184828
0.0187469
0.0188939
0.0191409
0.0193719
0.0195819
0.019862
0.020108
0.0203451
0.0209431
0.0211621
0.0214262
0.0216902
0.0219633
0.0221553
0.0223204
0.00457131
0.00492835
0.00599262
0.00647073
0.0068458
0.00716688
0.00734095
0.00775205
0.00798008
0.00818111
0.00836414
0.00861016
0.00876618
0.00978142
0.0100365
0.0107385
0.0109575
0.0111136
0.0113236
0.0114707
0.0116447
0.0118547
0.0120647
0.0123468
0.0125028
0.0126858
0.0129049
0.013052
0.014162
0.0150381
0.00906447
0.00922053
0.0107199
0.0109029
0.011104
0.011524
0.0118991
0.0123331
0.0126902
0.0130472
0.0135692
0.0137793
0.0140343
0.0143164
0.0147735
0.0150505
0.0152545
0.0154625
0.0158555
0.0161016
0.0162486
0.0166627
0.0169567
0.0171717
0.0182678
0.0184238
0.0186788
0.0189339
0.0191889
0.0193809
0.0196089
0.019765
0.02015
0.020345
0.0206091
0.0208461
0.0211011
0.0213022
0.0215752
0.0218482
0.0221503
0.0223613
0.0226603
0.0228643
0.0230923
0.0233564
0.00593462
0.00698678
0.0077129
0.00793193
0.00854509
0.00869215
0.0089652
0.0094963
0.0101243
0.0103974
0.0105624
0.0108755
0.0110315
0.0112146
0.0116256
0.0118987
0.0126617
0.0129347
0.0131988
0.0134178
0.0135648
0.0137659
0.0139939
0.014177
0.014432
0.0146601
0.0148431
0.0150171
0.0156832
0.0179002
0.0104428
0.0106808
0.0110499
0.011305
0.011698
0.0118451
0.0120461
0.0125772
0.0128142
0.0134743
0.0137474
0.0139894
0.0142174
0.0144905
0.0146555
0.0149016
0.0151756
0.0156446
0.0158276
0.0160827
0.0163967
0.0166947
0.0170968
0.0172978
0.0175798
0.0178438
0.0180898
0.0183268
0.0184919
0.0187679
0.0189809
0.0192679
0.0194959
0.019724
0.019898
0.020551
0.0208331
0.0211061
0.0213701
0.0215622
0.0218442
0.0219912
0.0222553
0.0224113
0.0225833
0.0228474
0.00455539
0.00683666
0.00721174
0.00754184
0.00776089
0.00830102
0.00852006
0.0086851
0.00887712
0.00914116
0.00951625
0.00978931
0.0100624
0.0102544
0.0105184
0.0106925
0.0109295
0.0111485
0.0113225
0.0115055
0.0122116
0.0124396
0.0126677
0.0128867
0.0131597
0.0133517
0.0136248
0.0138258
0.0139999
0.0141469
0.00949866
0.00975368
0.00991871
0.0104578
0.0108548
0.0111038
0.0117819
0.0120199
0.012507
0.0128731
0.0132661
0.0136012
0.0137942
0.0140672
0.0142863
0.0144873
0.0150364
0.0152284
0.0153844
0.0155585
0.0157865
0.0159336
0.0160806
0.0162456
0.0164897
0.0167527
0.0169657
0.0172117
0.0174848
0.0176318
0.0178058
0.0180429
0.0183479
0.0185399
0.018853
0.019604
0.019886
0.0201681
0.0203241
0.0205121
0.0206981
0.0209441
0.0210912
0.0212832
0.0215472
0.0217623
0.00671167
0.0070327
0.00734479
0.00774687
0.00801989
0.00853998
0.00875902
0.00893305
0.0092061
0.00957222
0.0101493
0.0103323
0.0107644
0.0110374
0.0112835
0.0115115
0.0117215
0.0118685
0.0120425
0.0122166
0.0124447
0.0126997
0.0128648
0.0130928
0.0132398
0.0135129
0.013669
0.013888
0.0140981
0.0142631
0.00801934
0.0112977
0.0114717
0.0120298
0.0125429
0.013332
0.0137161
0.0139262
0.0143352
0.0151642
0.0155213
0.0157313
0.0158873
0.0161694
0.0164024
0.0166784
0.0170024
0.0172515
0.0173985
0.0178095
0.0186496
0.0189106
0.0191507
0.0194147
0.0196247
0.0198348
0.0202188
0.0204068
0.0206378
0.0208188
0.0209929
0.0212569
0.021539
0.021749
0.0220971
0.0223731
0.0226631
0.0228281
0.0230542
0.0232782
0.0234972
0.0236712
0.0239353
0.0242203
0.0249043
0.0251143
0.00631147
0.0072326
0.00760763
0.00824572
0.00850076
0.00868379
0.00886685
0.00908592
0.00948798
0.00966202
0.00983606
0.0100371
0.0104032
0.0106582
0.0108142
0.0110963
0.0119764
0.0123695
0.0126995
0.0129546
0.0131376
0.0133296
0.0134766
0.0137497
0.0139327
0.0140977
0.0146888
0.0148448
0.0151089
0.015841
0.0131458
0.0138419
0.014383
0.0146051
0.0151531
0.0153932
0.0156452
0.0158942
0.0161043
0.0163143
0.0165153
0.0166894
0.0168814
0.0171454
0.0173645
0.0175365
0.0177695
0.0179285
0.0181026
0.0183397
0.0185227
0.0187057
0.0188707
0.0190807
0.0193268
0.0194738
0.0197108
0.0198759
0.0201219
0.020414
0.020681
0.020891
0.021155
0.021428
0.0217101
0.0219541
0.0222091
0.0223742
0.0227272
0.0229942
0.0237762
0.0239503
0.0241063
0.0242623
0.0245044
0.0247274
0.00552249
0.00664274
0.00783487
0.00809891
0.00829094
0.00931509
0.00952514
0.00973518
0.00990021
0.0100562
0.0104493
0.0106233
0.0107704
0.0109534
0.0111545
0.0114005
0.0115926
0.0117396
0.0119587
0.0121597
0.0124147
0.0126698
0.0128798
0.0130989
0.0133629
0.013981
0.0142
0.0144641
0.0146291
0.0148841
0.0133899
0.014015
0.01418
0.0143721
0.0146801
0.0150221
0.0154152
0.0156252
0.0158263
0.0160634
0.0162194
0.0163664
0.0166305
0.0169035
0.0171585
0.0174045
0.0176776
0.0180626
0.0183386
0.0186356
0.0189116
0.0190856
0.0192937
0.0195747
0.0198237
0.0200068
0.0202078
0.0204348
0.0206208
0.0207859
0.0209779
0.0212419
0.021425
0.021635
0.021827
0.0220731
0.0223281
0.0224931
0.0227172
0.0229272
0.0231822
0.0234682
0.0237623
0.0239723
0.0246713
0.0248724
0.00585962
0.00606967
0.00731792
0.007829
0.00821308
0.00842315
0.00860618
0.00899022
0.00918225
0.00945529
0.00971934
0.0100014
0.0102834
0.0104394
0.0107125
0.0109045
0.0110785
0.0112796
0.0120177
0.0122907
0.0125008
0.0127018
0.0128488
0.0131309
0.0132779
0.0135329
0.01368
0.013872
0.0141541
0.0143911
0.0105196
0.0107886
0.0111487
0.0113047
0.0114518
0.0119739
0.012496
0.012742
0.0131861
0.0135911
0.0138461
0.0141761
0.0143322
0.0145512
0.0148113
0.0152343
0.0154264
0.0156814
0.0158645
0.0165585
0.0168225
0.0172956
0.0176126
0.0178316
0.0182976
0.0185357
0.0187727
0.0190007
0.0192558
0.0194478
0.0196218
0.0205108
0.0206579
0.0208409
0.0209879
0.0211889
0.0214359
0.021667
0.02194
0.022261
0.022424
0.022571
0.0227901
0.0230461
0.0232952
0.0241392
0.00606951
0.00621654
0.00677265
0.00709371
0.00725875
0.0074418
0.00760685
0.00793789
0.00825898
0.00854102
0.00879605
0.00895208
0.00922512
0.00948016
0.00964519
0.0100572
0.0104533
0.0106363
0.0108733
0.0111104
0.0115034
0.0116865
0.0119415
0.0122056
0.0123976
0.0126617
0.0129077
0.0130817
0.0133368
0.0138948
0.0142177
0.0144187
0.0146558
0.0148928
0.0150759
0.0152679
0.0154419
0.0156879
0.015934
0.0160991
0.0165011
0.0168202
0.0170512
0.0173572
0.0175612
0.0178433
0.0180443
0.0182903
0.0184374
0.0188124
0.0189595
0.0191605
0.0194066
0.0196886
0.0198947
0.0201407
0.0203597
0.0205768
0.0208408
0.0210738
0.0214228
0.0217518
0.0219468
0.0221668
0.0223889
0.0225449
0.0227599
0.0230269
0.023246
0.023492
0.023711
0.0239301
0.0242101
0.0248821
0.0250921
0.0252661
0.00464918
0.00514224
0.00530729
0.00615743
0.00646948
0.00688054
0.00708156
0.0075587
0.00773275
0.00795182
0.00858293
0.008958
0.00910504
0.00937807
0.00992713
0.0101372
0.0103562
0.0111302
0.0113223
0.0114873
0.0117063
0.0118804
0.0121264
0.0123455
0.0125735
0.0127476
0.0130116
0.0132396
0.0134137
0.0136867
0.00923723
0.00964227
0.0103274
0.0106215
0.0125347
0.0127898
0.0133168
0.0135358
0.0150019
0.0152749
0.015521
0.015695
0.016332
0.016551
0.0169521
0.0171831
0.0173391
0.0177011
0.0179141
0.0180792
0.0183613
0.0185803
0.0188623
0.0191693
0.0194614
0.0197254
0.0199784
0.0202244
0.0204704
0.0206175
0.0208575
0.0211155
0.0213755
0.0217807
0.0219818
0.0221828
0.0224198
0.0226168
0.0229589
0.0231809
0.0234459
0.0236589
0.0238959
0.024088
0.024634
0.024889
0.00314969
0.00622229
0.00651634
0.00674435
0.00708342
0.00743151
0.00781556
0.00810964
0.0084827
0.00879574
0.00917077
0.00958983
0.0097369
0.00989295
0.010443
0.0113381
0.0115842
0.0118302
0.0120222
0.0121873
0.0124693
0.0126253
0.0128984
0.0130544
0.0132375
0.0135105
0.0137746
0.0144886
0.0155446
0.0175457
0.00786892
0.00811896
0.00965217
0.0102953
0.0104424
0.0111364
0.0116115
0.0121696
0.0125067
0.0126657
0.0130408
0.0139658
0.0143459
0.0147749
0.015135
0.015662
0.016931
0.0171321
0.0173962
0.0176452
0.0178132
0.0180592
0.0187353
0.0191443
0.0194063
0.0196704
0.0198424
0.0200254
0.0202085
0.0204905
0.0207545
0.0209786
0.0213226
0.0216206
0.0218786
0.0220257
0.0222807
0.0225087
0.0227637
0.0230538
0.0232668
0.0236108
0.0238688
0.0246039
0.0248769
0.027913
0.00598603
0.00649712
0.00687219
0.00705524
0.00769036
0.00805041
0.00819743
0.00836246
0.0086085
0.00880954
0.00895658
0.00969467
0.0100607
0.0105558
0.0107118
0.0111229
0.011498
0.011663
0.0118281
0.0120021
0.0122571
0.0124852
0.0126682
0.0128152
0.0135393
0.0137583
0.0140223
0.0142414
0.0144964
0.0146434
0.00774395
0.00955419
0.00999423
0.0107343
0.0112834
0.0115955
0.0120065
0.0125026
0.0128596
0.0130246
0.0132436
0.0134087
0.0135647
0.0137297
0.0139647
0.0143518
0.0151539
0.016069
0.0173431
0.018044
0.018404
0.0186411
0.0189141
0.0190951
0.0194771
0.0197562
0.0200202
0.0202872
0.0206312
0.0208173
0.0210723
0.0212914
0.0214474
0.0216934
0.0220545
0.0223125
0.0224955
0.0226765
0.0228956
0.0231236
0.0234717
0.0236367
0.0239008
0.0247558
0.0249508
0.0309478
0.00126099
0.00623009
0.00653212
0.00667916
0.00870338
0.00907944
0.00940951
0.00983956
0.0100676
0.0102147
0.0108328
0.0109978
0.0113759
0.0115589
0.0117329
0.011952
0.012099
0.0124921
0.0127561
0.0129301
0.0135211
0.0137042
0.0139592
0.0141962
0.0144423
0.0146343
0.0147813
0.0151724
0.0153915
0.0159765
0.0107034
0.0116575
0.0121356
0.0123276
0.0127027
0.0129397
0.0132218
0.0134318
0.0138519
0.0140169
0.014254
0.015065
0.0152211
0.0154521
0.0160142
0.0161792
0.0164342
0.0168453
0.0170914
0.0173374
0.0175924
0.0178575
0.0180795
0.0182805
0.0186465
0.0188925
0.0191116
0.0192926
0.0195656
0.0197486
0.0199677
0.020525
0.020724
0.0220071
0.0221901
0.0224211
0.0227151
0.0230071
0.0232631
0.0234892
0.0237442
0.0239362
0.0242393
0.0245243
0.0259073
0.0333534
0.00701278
0.00716885
0.00767296
0.00819505
0.00836911
0.00860617
0.00883421
0.00922727
0.0094193
0.00967432
0.00991135
0.0100674
0.0102864
0.0104874
0.0106885
0.0109526
0.0111896
0.0114177
0.0116637
0.0118827
0.0121647
0.0123658
0.0125128
0.0127589
0.0129959
0.0136049
0.0138419
0.014034
0.014235
0.0144811
0.00615128
0.00737152
0.00890172
0.00955281
0.00976288
0.0101199
0.01045
0.01078
0.0109271
0.0123072
0.0127093
0.0129643
0.0132853
0.0140895
0.0149265
0.0152035
0.0154705
0.0156446
0.0158976
0.0160446
0.0162547
0.0164737
0.0167108
0.0169568
0.0172299
0.0174399
0.0175959
0.0182329
0.018434
0.018723
0.018902
0.019277
0.019532
0.0197241
0.0199791
0.0203231
0.0206201
0.0208421
0.0210961
0.0213812
0.0216182
0.0217653
0.0220293
0.0222843
0.023273
0.024973
0.00449611
0.00644346
0.00675552
0.00693857
0.00719364
0.0074217
0.00816973
0.00833475
0.00849979
0.00891085
0.00907591
0.009879
0.010201
0.0103841
0.0110411
0.0112871
0.0114882
0.0116712
0.0119082
0.0121273
0.0123013
0.0125834
0.0128114
0.0132324
0.0134065
0.0136525
0.0138715
0.0141536
0.0144176
0.0152577
0.0107444
0.0113845
0.0117595
0.0120985
0.0122456
0.0124106
0.0127136
0.0134077
0.0135638
0.0139478
0.0143589
0.014734
0.014998
0.015391
0.0155651
0.0157932
0.0160542
0.0163392
0.0165812
0.0173883
0.0176253
0.0181833
0.0183843
0.0187104
0.0189554
0.0191744
0.0193754
0.0195384
0.0197485
0.0199405
0.0200875
0.0202436
0.0205536
0.0207216
0.0209497
0.0211937
0.0213767
0.0215237
0.0217337
0.0218808
0.0221268
0.0223818
0.0226269
0.0236469
0.0240529
0.025474
0.00535121
0.00592526
0.00613532
0.00655537
0.00746654
0.00774857
0.00880868
0.00899172
0.00925576
0.00951979
0.00992186
0.0101679
0.010432
0.010687
0.010861
0.0111071
0.0112721
0.0114641
0.0117942
0.0120493
0.0126204
0.0129024
0.0131214
0.0132775
0.0135055
0.0136615
0.0138356
0.0140186
0.0142196
0.0144567
0.00933741
0.0130478
0.0133028
0.0136868
0.0138969
0.0141699
0.0143489
0.0145889
0.014862
0.015036
0.0151831
0.0154021
0.0159422
0.0161163
0.0163263
0.0165183
0.0166924
0.0179794
0.0181624
0.0183814
0.0185714
0.0187635
0.0189915
0.0191835
0.0193806
0.0197596
0.0199636
0.0201376
0.0204197
0.0207107
0.0209598
0.0213018
0.0216348
0.0218568
0.0221378
0.0223959
0.0225429
0.0226989
0.0230319
0.0232179
0.023455
0.023743
0.0240101
0.0242921
0.0245111
0.0270971
0.00677747
0.00718853
0.00733555
0.0076926
0.00795662
0.00823867
0.00845772
0.00868575
0.00886879
0.00928985
0.00950891
0.00970998
0.00985703
0.0100131
0.0104061
0.0109951
0.0111512
0.0114242
0.0115893
0.0117453
0.0119823
0.0121474
0.0122945
0.0124685
0.0126425
0.0129156
0.0131346
0.0134166
0.0136357
0.0156407
0.00678884
0.0106985
0.0108725
0.0124236
0.0131077
0.0133627
0.0135277
0.0137467
0.0139477
0.0142958
0.0144968
0.0147429
0.0149259
0.0153279
0.015601
0.015938
0.016382
0.0169801
0.0171551
0.0173021
0.0175662
0.0177492
0.0178962
0.0180972
0.0183343
0.0185173
0.0188294
0.0190424
0.0193564
0.0195874
0.0199294
0.0202805
0.0204815
0.0208146
0.0210456
0.0214336
0.0216737
0.0218747
0.0220757
0.0222318
0.0223878
0.0226609
0.0229069
0.0231619
0.0234889
0.0240729
0.00463989
0.00681438
0.00723443
0.00749844
0.00772647
0.00787351
0.00805654
0.00823056
0.00853364
0.0087977
0.00903476
0.00940983
0.00966486
0.0099289
0.0102109
0.010904
0.01106
0.0112341
0.0114171
0.0117202
0.0118762
0.0120773
0.0122423
0.0125154
0.0127524
0.0129084
0.0131635
0.0134095
0.0138685
0.0161576
0.0091154
0.00946347
0.00962853
0.00980257
0.0104206
0.0108167
0.0113477
0.0117387
0.0119128
0.0120598
0.0132489
0.013528
0.013852
0.014026
0.0142541
0.0146171
0.0147942
0.0149412
0.0151333
0.0153463
0.0158894
0.0161535
0.0163885
0.0169525
0.0172106
0.0173576
0.0182836
0.0185116
0.0187397
0.0190857
0.0193707
0.0196347
0.0198087
0.0201388
0.0203918
0.0205748
0.0207939
0.0210309
0.0212949
0.021505
0.021688
0.021924
0.022092
0.0223111
0.0224941
0.0230341
0.00574416
0.00624222
0.00638926
0.00693839
0.00716642
0.00757747
0.00835766
0.00875975
0.00892478
0.00911683
0.00934486
0.00981399
0.0100421
0.0102791
0.0106552
0.0110492
0.0112772
0.0114783
0.0121563
0.0124203
0.0126483
0.0129214
0.0130954
0.0132695
0.0136175
0.0138456
0.0140916
0.0143737
0.0145927
0.0151868
0.00953028
0.0101814
0.0106014
0.0109295
0.0110765
0.0115356
0.0118596
0.0123707
0.0128708
0.0130728
0.0133948
0.0135628
0.0137819
0.0140549
0.014229
0.014421
0.014631
0.0148771
0.0150781
0.0153601
0.0156241
0.0159062
0.0160802
0.0163532
0.0172383
0.0175033
0.0177073
0.0178993
0.0181184
0.0183424
0.0186464
0.0188235
0.0190515
0.0192525
0.0194985
0.0198106
0.0199876
0.0201616
0.0203357
0.0205907
0.0207917
0.0209838
0.0212388
0.0214939
0.0216659
0.021952
0.00666235
0.0068364
0.00705543
0.00784555
0.00807358
0.00876971
0.00915378
0.00931882
0.00951987
0.00973891
0.010114
0.010297
0.010489
0.0108911
0.0111642
0.0113742
0.0115573
0.0117673
0.0121514
0.0128194
0.0130384
0.0132664
0.0134135
0.0136866
0.0139506
0.0141786
0.0143257
0.0145267
0.0147188
0.0149018
0.00586179
0.00715001
0.0103334
0.0110114
0.0113374
0.0125005
0.0126566
0.0128126
0.0145797
0.0149188
0.0151558
0.0154979
0.0157919
0.0159479
0.016279
0.016507
0.0167441
0.0172762
0.0176542
0.0178103
0.0180923
0.0184763
0.0187093
0.0189764
0.0191594
0.0194854
0.0205204
0.0209345
0.0211605
0.0214735
0.0217406
0.0220266
0.0222486
0.0225036
0.0227766
0.0230407
0.0231877
0.0233347
0.0234817
0.0236918
0.0239738
0.0241389
0.024811
0.025093
0.0263291
0.0270791
0.00362068
0.00770112
0.00807623
0.00863435
0.0087904
0.00894642
0.00919246
0.0094565
0.00972055
0.00991259
0.0103147
0.0105517
0.0107708
0.0110258
0.0111908
0.0113919
0.0115839
0.0118389
0.012067
0.012259
0.0125411
0.0127421
0.0130151
0.0132612
0.0134352
0.0140893
0.0142543
0.0145093
0.0147464
0.0155595
0.0126643
0.0128113
0.0130844
0.0132404
0.0134864
0.0136875
0.0140356
0.0142096
0.0144646
0.0148847
0.0150497
0.0152418
0.0154248
0.0155988
0.0157459
0.0160939
0.0163579
0.016523
0.01676
0.0169341
0.0173501
0.0175782
0.0177972
0.0180072
0.0182472
0.0185242
0.0187193
0.0189383
0.0192203
0.0194123
0.0196614
0.0199284
0.0202104
0.0203754
0.0206015
0.0207485
0.0210615
0.0213105
0.0215775
0.0219045
0.0226366
0.0228736
0.0230567
0.0233057
0.0235097
0.0244757
0.00539813
0.00603126
0.00687138
0.00722044
0.00736747
0.00758649
0.00807258
0.00825561
0.00845663
0.00864865
0.0089517
0.00911673
0.00946482
0.00967487
0.010086
0.0102691
0.0104611
0.0108181
0.0110282
0.0111842
0.0114482
0.0116943
0.0118413
0.0125024
0.0127034
0.0129764
0.0131685
0.0135886
0.0137446
0.0143117
0.00903821
0.00922126
0.0093863
0.00955133
0.0116497
0.0125148
0.0128268
0.0132379
0.0135949
0.0138479
0.0140589
0.014263
0.014428
0.0145911
0.0148281
0.0152001
0.0154221
0.0161312
0.0165893
0.0170713
0.0176294
0.0177944
0.0180895
0.0182725
0.0187135
0.0188876
0.0192386
0.0195207
0.0197477
0.0199407
0.0201687
0.0204237
0.0208268
0.0210279
0.0212019
0.021914
0.022079
0.022262
0.022517
0.022772
0.0229551
0.0231021
0.0232852
0.0239382
0.0261712
0.0325902
0.00679931
0.00721735
0.00743639
0.00783143
0.0080145
0.00906561
0.00931165
0.00953068
0.00993275
0.0100888
0.0103529
0.0104999
0.0106649
0.011085
0.011295
0.0115681
0.0120631
0.0123871
0.0125612
0.0128342
0.0130893
0.0132633
0.0135093
0.0137824
0.0139384
0.0140854
0.0143314
0.0146135
0.0148325
0.0167886
0.00577872
0.00592575
0.00978842
0.0108296
0.0120437
0.0122537
0.0124098
0.0127578
0.0129138
0.0130879
0.0134989
0.013709
0.013865
0.014109
0.014438
0.014705
0.014968
0.0160481
0.0162851
0.0166512
0.0172213
0.0174973
0.0177734
0.0179564
0.0181934
0.0183495
0.0185865
0.0187606
0.0190576
0.0192796
0.0194807
0.0197177
0.0200477
0.0202128
0.0205428
0.0207629
0.0209469
0.0211119
0.0213849
0.0216769
0.021863
0.022548
0.0227221
0.0228961
0.0232002
0.0234222
0.00570416
0.00623325
0.00671037
0.00723241
0.00740647
0.00757153
0.00772757
0.00788361
0.00803964
0.00825869
0.00846875
0.0086428
0.00883487
0.00901792
0.00942898
0.009657
0.00985803
0.0100591
0.0102241
0.0109641
0.0112462
0.0114832
0.0116843
0.0118763
0.0121493
0.0123954
0.0125874
0.0127975
0.0130345
0.0133165
0.00193684
0.0108863
0.0114883
0.0116624
0.0139464
0.0141114
0.0142764
0.0145135
0.0148435
0.0150266
0.0151826
0.0154287
0.0156117
0.0157587
0.0160108
0.0164168
0.0167408
0.0169449
0.0171909
0.017451
0.017661
0.017862
0.0180811
0.0184171
0.0191942
0.0193662
0.0195132
0.0198642
0.0202763
0.0205403
0.0207593
0.0210234
0.0211975
0.0213895
0.0217825
0.0219725
0.0221286
0.0223566
0.0226116
0.0228306
0.0231866
0.0240277
0.0242737
0.0244387
0.0247118
0.0250268
0.00396284
0.00693433
0.00727637
0.00781646
0.00887666
0.00912271
0.00931475
0.00957881
0.00978886
0.0100349
0.0102359
0.010401
0.010629
0.010812
0.010986
0.0111691
0.0113251
0.0118962
0.0121692
0.0124512
0.0126522
0.0128263
0.0129734
0.0132104
0.0134924
0.0137294
0.0140025
0.0143595
0.0145246
0.0151907
0.0106162
0.0111713
0.0117344
0.0120564
0.0122665
0.0128246
0.0131997
0.0134637
0.0138388
0.0140578
0.0145129
0.0147889
0.015191
0.015347
0.0157131
0.0158961
0.0161952
0.0164442
0.0167082
0.0169002
0.0170562
0.0174673
0.0176323
0.0180863
0.0183414
0.0185154
0.0187074
0.0189625
0.0191955
0.0195455
0.0205795
0.0207695
0.0210685
0.0212795
0.0215166
0.0217716
0.0219546
0.0221466
0.0223477
0.0225847
0.0229337
0.0232358
0.0234578
0.0237308
0.0239498
0.0267699
0.00702849
0.00766254
0.00780957
0.00818561
0.00839566
0.00858774
0.00893584
0.00918189
0.00940994
0.00963796
0.00979401
0.0100221
0.0101961
0.0104152
0.0106162
0.0108622
0.0114533
0.0116723
0.0118733
0.0120654
0.0122214
0.0124134
0.0126685
0.0128515
0.0131156
0.0133526
0.0136346
0.0138177
0.0140817
0.0143367
0.0103834
0.0107044
0.0110525
0.0117486
0.0121146
0.0123246
0.0128648
0.0130298
0.0132939
0.0134859
0.013696
0.013978
0.0141251
0.0146631
0.0148872
0.0151602
0.0153253
0.0157273
0.0159374
0.0165904
0.0168755
0.0178245
0.0180525
0.0183575
0.0185795
0.0189396
0.0191616
0.0194076
0.0196946
0.0199676
0.0202316
0.0205736
0.0207417
0.0209337
0.0211527
0.0213747
0.0216567
0.0218997
0.0221218
0.0223678
0.0225508
0.0227519
0.0233169
0.0235209
0.025561
0.031297
0.00711742
0.00830954
0.00855562
0.00881069
0.00921278
0.00937781
0.00965084
0.00986088
0.0101339
0.010281
0.010545
0.010782
0.0109741
0.0112201
0.0114031
0.0116581
0.0118412
0.0119882
0.0122702
0.0124803
0.0126273
0.0130114
0.0131855
0.0133505
0.0135155
0.0137256
0.0143616
0.0146347
0.0149077
0.0150907
0.00554569
0.00895742
0.00946151
0.0102776
0.0104697
0.0107337
0.0108897
0.0118309
0.012179
0.01238
0.0126021
0.0127611
0.0130161
0.0133621
0.0148061
0.0150612
0.0152262
0.0154633
0.0156983
0.0159353
0.0160823
0.0162474
0.0167675
0.0170645
0.0172595
0.0174245
0.0179086
0.0181486
0.0183567
0.0186867
0.0189717
0.0192447
0.0194098
0.0196378
0.0198118
0.0200979
0.0203839
0.0205699
0.0207799
0.0210619
0.021344
0.0215451
0.0217601
0.0224322
0.0226962
0.0229242
0.00722064
0.00758669
0.00774271
0.00846376
0.00885783
0.00910389
0.00925092
0.00942497
0.00959903
0.00980906
0.00998309
0.0101301
0.0103852
0.0105412
0.0107513
0.0110903
0.0112374
0.0113844
0.0116395
0.0118225
0.0119696
0.0122426
0.0124706
0.0126267
0.0129087
0.0142168
0.0144538
0.0147088
0.0149188
0.0159029
0.00955155
0.0102387
0.0103857
0.0106368
0.0109608
0.0112728
0.0116119
0.0118039
0.0120049
0.012284
0.012515
0.012716
0.0131001
0.0133822
0.0136102
0.0138482
0.0140973
0.0143343
0.0145084
0.0146714
0.0148634
0.0151004
0.0153464
0.0156014
0.0158745
0.0160715
0.0163445
0.0165185
0.0167916
0.0170646
0.0172207
0.0175067
0.0176748
0.0178398
0.0180408
0.0183049
0.0186149
0.0188719
0.0191389
0.019856
0.02012
0.020303
0.020574
0.020918
0.02112
0.0213031
0.00537515
0.00553119
0.00687636
0.0071884
0.00829147
0.00870956
0.00894662
0.00936669
0.00976676
0.0100128
0.0102318
0.0104149
0.0106249
0.0107719
0.010919
0.011084
0.0113031
0.0114591
0.0117412
0.0120142
0.0122692
0.0124972
0.0126803
0.0128273
0.0130014
0.0131664
0.0133854
0.0140845
0.0143395
0.0145856
0.00953405
0.0105511
0.0112903
0.0114553
0.0117854
0.0123165
0.0131146
0.0136257
0.0137907
0.0141847
0.0144038
0.0147138
0.0157779
0.0159249
0.016255
0.016461
0.016725
0.016995
0.0172441
0.0176771
0.0180621
0.0182542
0.0185362
0.0189462
0.0193062
0.0195883
0.0199503
0.0201183
0.0203733
0.0205924
0.0207984
0.0209994
0.0212455
0.0213925
0.0216655
0.0220935
0.0225256
0.0226906
0.0229546
0.0232186
0.0234377
0.0236028
0.0244548
0.0246498
0.0248488
0.0251039
0.00696634
0.00738637
0.00756042
0.00771647
0.00793556
0.00819962
0.00834664
0.00849367
0.00904769
0.00922171
0.00944076
0.0096238
0.00986984
0.0101249
0.0102899
0.010491
0.010719
0.0108751
0.0110671
0.0113401
0.0114962
0.0117422
0.0119702
0.0122253
0.0123993
0.0126453
0.0128914
0.0131554
0.0133655
0.0139235
0.0111244
0.0114614
0.0116534
0.0118455
0.0122815
0.0124376
0.0127406
0.0132727
0.0136958
0.0140889
0.0143309
0.0145709
0.014991
0.015228
0.015483
0.015675
0.0159481
0.0161761
0.0164221
0.0167042
0.0170662
0.0173122
0.0177053
0.0179063
0.0180534
0.0183264
0.0184824
0.0187645
0.0189925
0.0191755
0.0195745
0.0199376
0.0201926
0.0203786
0.0206336
0.0208447
0.0210577
0.0218917
0.0221107
0.0223297
0.0225308
0.0227409
0.0229779
0.0231339
0.0234759
0.0237159
0.00756428
0.00796632
0.00821235
0.00856046
0.00879754
0.00898961
0.00937372
0.00952977
0.00973081
0.00987785
0.0101419
0.0103429
0.010544
0.010691
0.011253
0.011445
0.0116461
0.0117931
0.0119762
0.0121502
0.0124232
0.0128252
0.0130173
0.0132003
0.0134733
0.0136834
0.0142474
0.0145205
0.0147035
0.0149405