RTT
0.0777147
0.0277291
0.0898998
0.0399142
0.0900768
0.0400912
0.0902449
0.0402593
0.0904135
0.0404273
0.0907072
0.0407214
0.0908842
0.0408984
0.0911605
0.0411745
0.0913285
0.0413425
0.094445
0.044459
0.0948956
0.04491
0.0950726
0.045087
0.0952946
0.045309
0.0955169
0.0455311
0.0957394
0.0457531
0.0958978
0.0459122
0.0961292
0.0461432
0.0963599
0.0463742
0.0966359
0.0466503
0.0968399
0.0468543
0.0970624
0.0470763
0.0973564
0.0473704
0.0975962
0.0476105
0.0978365
0.0478505
0.0980044
0.0480186
0.0989277
0.0489417
0.0991673
0.0491817
0.0993807
0.0493947
0.0996024
0.0496168
0.0998788
0.0498928
0.105445
0.0554592
0.107585
0.0575997
0.107745
0.0577588
0.108168
0.0581819
0.10851
0.058524
0.109446
0.0594601
0.0104612
0.0108093
0.0111914
0.0114374
0.0116114
0.0117945
0.0120495
0.0122506
0.0124696
0.0127156
0.0129076
0.0131177
0.0133007
0.0135468
0.0137209
0.0139219
0.0141859
0.0144589
0.014633
0.014879
0.0150891
0.0153441
0.0155721
0.0157552
0.0159292
0.0161303
0.0163673
0.0165774
0.0167244
0.0169705
0.0172165
0.0173996
0.0175826
0.0183767
0.0185867
0.0188688
0.00874302
0.00996512
0.0102292
0.0103942
0.0109863
0.0113613
0.0115714
0.0117544
0.0119645
0.0121385
0.0122856
0.0124866
0.0127237
0.0129967
0.0131707
0.0133178
0.0135368
0.0136929
0.0138669
0.0140679
0.0142509
0.014461
0.014626
0.0148361
0.0149921
0.0151842
0.0157042
0.0159983
0.0161994
0.0164274
0.0166015
0.0168655
0.0170215
0.0176126
0.0177596
0.0180146
0.00712237
0.00781853
0.00810058
0.00884976
0.00921583
0.00971097
0.0104681
0.0108162
0.0109812
0.0111463
0.0113743
0.0115843
0.0118484
0.0120224
0.0122684
0.0124155
0.0128505
0.0130335
0.0134816
0.0137456
0.0139286
0.0142017
0.0145498
0.0147958
0.0150328
0.0152609
0.0155069
0.0157889
0.015999
0.016236
0.0163921
0.0165661
0.0167762
0.0169862
0.0172412
0.0176823
0.0015983
0.00679954
0.0069556
0.00775579
0.00827594
0.008441
0.00901512
0.00938123
0.00963628
0.0098103
0.0101944
0.0103414
0.0107345
0.0110555
0.0115596
0.0117337
0.0119797
0.0127087
0.0128738
0.0132738
0.0134839
0.0136849
0.0139219
0.014261
0.0146001
0.0149482
0.0151042
0.0153053
0.0154703
0.0156984
0.0159714
0.0169555
0.0172286
0.0175017
0.0176667
0.0178588
0.00745924
0.00866258
0.00889063
0.0092747
0.00953875
0.00970382
0.010665
0.0108391
0.0111121
0.0113041
0.0114692
0.0116702
0.0118352
0.0120633
0.0122643
0.0124834
0.0127474
0.0129665
0.0131135
0.0132875
0.0134796
0.0137346
0.0138907
0.0140827
0.0147917
0.0149748
0.0153408
0.0155418
0.0158239
0.0160069
0.01619
0.0163371
0.0165471
0.0168022
0.0170032
0.0176422
0.00843668
0.00863776
0.00897082
0.00952897
0.00973002
0.00990406
0.0102161
0.0103811
0.0106842
0.0110412
0.0111973
0.0116083
0.0124174
0.0126004
0.0128015
0.0132126
0.0134587
0.0141557
0.0144377
0.0146568
0.0149388
0.0152209
0.0154489
0.015713
0.015905
0.016287
0.0164881
0.0167611
0.0170432
0.0172622
0.0174542
0.0176643
0.0178563
0.0180214
0.0182674
0.0187805
0.00645978
0.00760404
0.00841826
0.00856528
0.00983154
0.00999661
0.0109107
0.0113038
0.0115588
0.0117239
0.0124129
0.0126679
0.012923
0.013178
0.013415
0.0136341
0.0140541
0.0142912
0.0145552
0.0147382
0.0149753
0.0151313
0.0153864
0.0156594
0.0159055
0.0160705
0.0163076
0.0165536
0.0167637
0.0170367
0.0173098
0.0174748
0.0176848
0.0179219
0.0181229
0.018753
0.00717176
0.00813294
0.008343
0.00852605
0.00867309
0.00883814
0.0091592
0.00951627
0.00981932
0.00996638
0.0101404
0.0106896
0.0108636
0.0112837
0.0114847
0.0117397
0.0119858
0.0122498
0.0128618
0.0130538
0.0132549
0.0135369
0.013702
0.013939
0.0141401
0.0143051
0.0145782
0.0148152
0.0150973
0.0153073
0.0155263
0.0157004
0.0159104
0.0161925
0.0164295
0.0166846
0.00758718
0.00822129
0.00836835
0.0085424
0.00869843
0.00910048
0.0093105
0.00966759
0.0103367
0.0107098
0.0111299
0.011532
0.011733
0.0119071
0.0121891
0.0124441
0.0127632
0.0133843
0.0135403
0.0138044
0.0140414
0.0142604
0.0145154
0.0147705
0.0150075
0.0152086
0.0153916
0.0155747
0.0157757
0.0159497
0.0161148
0.0163788
0.0166249
0.0168169
0.017018
0.017228
0.00865093
0.00998899
0.01019
0.0103731
0.0107392
0.0111412
0.0115612
0.0120924
0.0123474
0.0125935
0.0127855
0.0129776
0.0132146
0.0134247
0.0137067
0.0138808
0.0141088
0.0143459
0.0145649
0.015049
0.015196
0.015628
0.0158651
0.0161292
0.0163302
0.0165763
0.0167323
0.0169693
0.0171794
0.0173444
0.0175995
0.0177465
0.0180285
0.0181755
0.0183226
0.0185146
0.00654425
0.00705735
0.00802763
0.00839369
0.00859473
0.00899777
0.00918982
0.00940886
0.00960091
0.00983793
0.0101199
0.010339
0.010486
0.010669
0.0108881
0.0110981
0.0113171
0.0115542
0.0117553
0.0119743
0.0121304
0.0123674
0.0125865
0.0128685
0.0130426
0.0132346
0.0133816
0.0135467
0.0142868
0.0144338
0.0146978
0.0148719
0.0152109
0.015466
0.0156131
0.0161801
0.00800394
0.00820498
0.00837004
0.00873612
0.00929425
0.00944128
0.0097143
0.00987935
0.0101164
0.0102994
0.0104644
0.0107325
0.0109875
0.0112066
0.0114437
0.0115907
0.0118547
0.0120108
0.0122118
0.0124488
0.0126139
0.0128419
0.01307
0.013271
0.0135081
0.0141331
0.0142802
0.0144542
0.0146913
0.0149643
0.0151204
0.0153214
0.0158324
0.0162255
0.0167475
0.0205756
0.00882259
0.00919768
0.00934473
0.00972878
0.00996581
0.0103409
0.010578
0.011089
0.011353
0.0116921
0.0119022
0.0123222
0.0124963
0.0127063
0.0128983
0.0131534
0.0134354
0.0136095
0.0137655
0.0139395
0.0141675
0.0146066
0.0147807
0.0149727
0.0153058
0.0155248
0.0156899
0.0158639
0.016119
0.016347
0.0166021
0.0168031
0.0170041
0.0172502
0.0174602
0.0176973
0.00855211
0.00925821
0.00962432
0.00978037
0.00993641
0.0101284
0.0103025
0.0107206
0.0111317
0.0112877
0.0116987
0.0119088
0.0121368
0.0123739
0.0125209
0.012758
0.01304
0.0132321
0.0134241
0.0136342
0.0138802
0.0141352
0.0145583
0.0147593
0.0155373
0.0158494
0.0160774
0.0163145
0.0165245
0.0167436
0.0169356
0.0171546
0.0173647
0.0175207
0.0181598
0.0215199
0.00904088
0.00945293
0.00985599
0.0101931
0.0103491
0.0105682
0.0108232
0.0110873
0.0114513
0.0118064
0.0122084
0.0124184
0.0126825
0.0128565
0.0131025
0.0132856
0.0135406
0.0137506
0.0141168
0.0143988
0.0146809
0.0148819
0.01511
0.015392
0.0156741
0.0159561
0.0162021
0.0163492
0.0165322
0.0167782
0.0170333
0.0173724
0.0181594
0.0183155
0.0184895
0.0205446
0.00851851
0.00892959
0.00921163
0.0100887
0.0108009
0.0110829
0.011458
0.011632
0.011806
0.0120791
0.0122531
0.0124001
0.0126102
0.0129583
0.0131053
0.0132793
0.0134714
0.0137265
0.0143166
0.0145806
0.0147277
0.0149107
0.0151388
0.0153218
0.0154869
0.0157599
0.015952
0.016117
0.0163361
0.0170201
0.0173021
0.0175301
0.0177492
0.0180042
0.0181963
0.0195223
0.00891727
0.00931029
0.00948433
0.0098234
0.0101715
0.0107006
0.0109286
0.0111207
0.0113127
0.0115587
0.0118318
0.0120328
0.0122339
0.0124349
0.0126539
0.0129
0.013137
0.013374
0.0136291
0.0137941
0.0139592
0.0141603
0.0144154
0.0146254
0.0148625
0.0150095
0.0152916
0.0154476
0.0156846
0.0158677
0.0165737
0.0168467
0.0170838
0.0173658
0.0176029
0.0177589
0.00941197
0.00975104
0.0105551
0.0109302
0.0111042
0.0112693
0.0114253
0.0119834
0.0122115
0.0124035
0.0126675
0.0128775
0.0132866
0.0134967
0.0136978
0.0138538
0.0140729
0.0142469
0.0144839
0.014739
0.01494
0.015168
0.0153691
0.0155971
0.0159812
0.0161732
0.0164103
0.0169813
0.0172634
0.0175094
0.0176655
0.0178755
0.0181035
0.0182685
0.0185326
0.0187156
0.00791446
0.00822555
0.0088317
0.00921375
0.00936078
0.00972682
0.0100909
0.0104389
0.010595
0.010751
0.0115051
0.0117602
0.0123163
0.0127254
0.0130554
0.0135664
0.0137225
0.0139235
0.0143436
0.0145537
0.0147548
0.0149648
0.0154769
0.0156419
0.016042
0.016571
0.0168441
0.0170091
0.0172011
0.0173482
0.0175492
0.0177143
0.0195405
0.0197865
0.0200596
0.0225749
1.02316
0.97316
0.923172
1.02714
0.977144
0.927155
1.03055
0.980551
0.930564
1.03075
0.980756
0.930768
0.00836536
0.00868645
0.0088425
0.00900758
0.00919965
0.00988484
0.0100409
0.010407
0.0109651
0.0112201
0.011752
0.012025
0.0121721
0.0124091
0.0126101
0.0128292
0.0129762
0.0131862
0.0134413
0.0136963
0.0139153
0.0141164
0.0143445
0.0146175
0.0148096
0.0151217
0.0152687
0.0154608
0.0156528
0.0158268
0.0160909
0.0163639
0.016971
0.0172081
0.0173821
0.0175562
0.0177482
0.0180032
0.0182762
0.0185223
0.00653193
0.00865932
0.00898039
0.00925345
0.00940049
0.00956553
0.00975757
0.0101507
0.0103787
0.0107188
0.0109018
0.0110489
0.0114149
0.011625
0.012018
0.0122821
0.0125191
0.0127022
0.0128672
0.0130413
0.0135863
0.0140073
0.0142354
0.0145635
0.0147375
0.0149025
0.0151665
0.0153225
0.0155056
0.0157876
0.0159707
0.0162527
0.0164627
0.0166097
0.0167928
0.0170118
0.0171679
0.01736
0.017579
0.0181641
0.00725086
0.00775497
0.00792002
0.00812105
0.0083221
0.00888022
0.00939333
0.00954041
0.0104867
0.0109067
0.0111528
0.0115198
0.0117929
0.0119759
0.012258
0.012468
0.0127321
0.0128791
0.0132362
0.0134012
0.0136743
0.0143213
0.0145854
0.0155334
0.0157075
0.0158725
0.0160916
0.0163106
0.0164937
0.0166767
0.0168688
0.0172258
0.0173728
0.0175829
0.017838
0.018012
0.018285
0.0184771
0.0186691
0.0192361
0.00533048
0.00698489
0.00781903
0.00835709
0.00900623
0.00918928
0.00960035
0.0101585
0.0103325
0.0105066
0.0110197
0.0113678
0.0117068
0.0119889
0.012793
0.01303
0.013231
0.0134231
0.0138162
0.0140262
0.0142093
0.0144283
0.0146024
0.0147584
0.0150224
0.0154245
0.0156885
0.0158896
0.0160996
0.0163546
0.0166367
0.0168827
0.0170838
0.0173208
0.0175218
0.0176779
0.0178699
0.018062
0.018707
0.0188631
0.00494251
0.00540161
0.00615475
0.00661387
0.00803621
0.00819229
0.0087504
0.00906047
0.00925252
0.00993767
0.0101297
0.0103668
0.0107149
0.0108889
0.011328
0.0122791
0.0125521
0.0127262
0.0129183
0.0131103
0.0133293
0.0136024
0.0137764
0.0139504
0.0140974
0.0142805
0.0144995
0.0147635
0.0150186
0.0152556
0.0155016
0.0156577
0.0158047
0.0160058
0.016561
0.0168071
0.0170441
0.0172632
0.0174462
0.0180223
0.00822035
0.00871146
0.00912252
0.00927856
0.00962666
0.00982769
0.00998373
0.0102388
0.0104218
0.0109419
0.011143
0.011398
0.0115631
0.0117191
0.0120672
0.0122322
0.0124963
0.0128353
0.0129824
0.0137634
0.0139735
0.0141655
0.0144386
0.0146126
0.0148767
0.0150327
0.0153057
0.0154618
0.0157258
0.0159358
0.0161279
0.016356
0.016638
0.0168571
0.0170041
0.0172232
0.0176433
0.0178713
0.0181443
0.0187114
0.00150662
0.0088392
0.00916029
0.0107816
0.0110366
0.0112106
0.0116698
0.0120359
0.0122459
0.0126209
0.0131141
0.0132972
0.0134802
0.0136543
0.0139093
0.0141553
0.0144194
0.0145844
0.0147945
0.0149775
0.0152505
0.0153976
0.0161986
0.0165577
0.0170057
0.0171977
0.0174168
0.0176088
0.0178099
0.0180289
0.018203
0.018359
0.018925
0.0191441
0.0193901
0.0196272
0.0198372
0.0201193
0.0203113
0.0204944
0.00820743
0.0088926
0.00908465
0.00933971
0.0097058
0.010349
0.010505
0.010724
0.0110631
0.0112731
0.0122853
0.0126943
0.0128413
0.0130154
0.0132885
0.0135345
0.0137446
0.0139366
0.0143387
0.0146117
0.0147677
0.0149148
0.0153238
0.0155699
0.0157349
0.015999
0.0164101
0.0165661
0.0168392
0.0169952
0.0172053
0.0173523
0.0177254
0.0179354
0.0181455
0.0187365
0.0188926
0.0190756
0.0192677
0.0195317
0.0045079
0.00766658
0.00839172
0.00908787
0.00926191
0.00980203
0.00997607
0.0101771
0.0103962
0.0105612
0.0109543
0.0112573
0.0114044
0.0119065
0.0120535
0.0123926
0.0126207
0.0129418
0.0130979
0.0134729
0.0136379
0.014295
0.014851
0.0150071
0.0151991
0.0154361
0.0156192
0.0158742
0.0161203
0.0163213
0.0165044
0.0166964
0.0170625
0.0172095
0.0174646
0.0177466
0.0178937
0.0181397
0.0186348
0.0199069
0.00855519
0.00883723
0.00898428
0.0096454
0.00984644
0.00999348
0.0105336
0.0106806
0.0109267
0.0111817
0.0113558
0.0115208
0.0117939
0.0119949
0.012415
0.012571
0.0127901
0.0130361
0.0131831
0.0134472
0.0136032
0.0137863
0.0139514
0.0141074
0.0143805
0.0147736
0.0150287
0.0152657
0.0154307
0.0156768
0.0158958
0.0161328
0.0162978
0.0174269
0.017601
0.017829
0.018084
0.0183571
0.0186301
0.0188402
0.00560071
0.00748407
0.0101825
0.0103566
0.0109057
0.0112808
0.0118458
0.0121759
0.0123409
0.012596
0.012842
0.0131061
0.0132532
0.0134092
0.0136282
0.0138383
0.0140393
0.0144414
0.0147234
0.0149425
0.0150985
0.0152996
0.0156386
0.0158307
0.0160497
0.0163318
0.0165238
0.0167248
0.0168719
0.0170909
0.0172829
0.017457
0.017739
0.017994
0.0181771
0.0184592
0.0187052
0.0192152
0.0194163
0.0196804
0.00654158
0.00763482
0.0080369
0.00849402
0.0089712
0.00951225
0.0107075
0.0112686
0.0115986
0.0117817
0.0120367
0.0122468
0.0126578
0.0128679
0.0130959
0.0132969
0.013444
0.013654
0.0140841
0.0142581
0.0146812
0.0148642
0.0150202
0.0152033
0.0162064
0.0164795
0.0166805
0.0168366
0.0172117
0.0173767
0.0175418
0.0177429
0.0179979
0.018235
0.018409
0.019117
0.0193991
0.0195641
0.0197741
0.0209562
0.00914935
0.00934139
0.00952444
0.00988248
0.0103866
0.0105786
0.0112748
0.0114939
0.0116949
0.0118959
0.012169
0.012379
0.012634
0.0129071
0.0130631
0.0132102
0.0133572
0.0137323
0.0139604
0.0141254
0.0143984
0.0146355
0.0149175
0.0151006
0.0152837
0.0155297
0.0158027
0.0159768
0.0162138
0.0164599
0.0167149
0.0168889
0.017072
0.017345
0.0180601
0.0183242
0.0185342
0.0187892
0.0189813
0.0191823
0.00738469
0.00762171
0.00791583
0.00821894
0.00979515
0.0100982
0.0104763
0.0123795
0.0126166
0.0129826
0.0131477
0.0133757
0.0136308
0.0138498
0.0141889
0.0144529
0.0146
0.0148551
0.0150561
0.0152302
0.0160432
0.0162082
0.0164813
0.0167273
0.0169644
0.0171114
0.0172765
0.0175135
0.0177866
0.0179606
0.0182426
0.0183897
0.0186717
0.0189928
0.0191488
0.0193859
0.0195329
0.0197609
0.019926
0.020583
0.0028837
0.0106462
0.0109672
0.0114913
0.0117013
0.0120314
0.0123134
0.0125325
0.0127695
0.0130516
0.0133977
0.0136347
0.0139828
0.0142378
0.0145109
0.0147749
0.0150569
0.015405
0.015633
0.015807
0.0160261
0.0162182
0.0164192
0.0166833
0.0169203
0.0171933
0.0173404
0.0175415
0.0176975
0.0178536
0.0180636
0.0186436
0.0188627
0.0190817
0.0192828
0.0194658
0.0197479
0.0200299
0.020204
0.0223581
0.00896214
0.00917219
0.00933723
0.00954725
0.00973027
0.00994931
0.0104694
0.0107514
0.0109255
0.0111266
0.0112826
0.0114477
0.0116577
0.0118408
0.0120778
0.0123058
0.0124619
0.0126449
0.012927
0.01311
0.0132661
0.0135031
0.0136502
0.0138332
0.0140883
0.0142533
0.0144093
0.0147215
0.0149135
0.0150605
0.0152255
0.0154536
0.0156816
0.0159097
0.0160657
0.0163208
0.0170738
0.0172299
0.0174669
0.01774
0.00499237
0.0074879
0.00929833
0.00947236
0.00966439
0.00989242
0.0104145
0.0107906
0.0112927
0.0114847
0.0118867
0.0121238
0.0124718
0.0126728
0.0128469
0.0130389
0.013303
0.0135221
0.0140311
0.0143711
0.0145542
0.0147013
0.0150854
0.0152774
0.0154335
0.0157156
0.0159976
0.0162617
0.0166097
0.0168558
0.0171108
0.0173479
0.0176869
0.017906
0.018179
0.018326
0.0189351
0.0192082
0.0194182
0.0215273
0.00939611
0.00954319
0.0101793
0.0104074
0.0108184
0.0112025
0.0117246
0.0119707
0.0121268
0.0125358
0.0126829
0.0129649
0.013202
0.013475
0.013622
0.0138591
0.0141141
0.0143692
0.0145972
0.0147622
0.0151464
0.0153564
0.0156205
0.0158845
0.0160945
0.0162776
0.0164516
0.0167066
0.0168897
0.0173107
0.0177247
0.0178718
0.0180638
0.0182738
0.0185559
0.0187119
0.0188859
0.019159
0.019342
0.0194891
0.00670082
0.00860419
0.00875125
0.00914433
0.00934538
0.00951042
0.00969347
0.00997551
0.0105557
0.0107117
0.0112518
0.0114169
0.0116089
0.011765
0.012011
0.012266
0.012413
0.0126771
0.0128511
0.0132532
0.0134003
0.0136733
0.0141844
0.0144394
0.0148144
0.0151535
0.0154175
0.0156456
0.0165867
0.0167967
0.0170338
0.0172259
0.0174269
0.017601
0.01782
0.0179851
0.0181591
0.0183781
0.0185342
0.0208863
0.0223769
0.02271
0.022965
0.02313
0.0233491
0.0236611
0.0238801
0.0242552
0.0244743
0.0246303
0.0248043
0.0250144
0.0252154
0.0253714
0.0255905
0.0258275
0.0259836
0.0261576
0.0263047
0.0265057
0.0267338
0.0269078
0.0270999
0.0272649
0.0275109
0.027766
0.027976
0.0282491
0.0284231
0.0287052
0.0289152
0.0290623
0.0292273
0.0294734
0.0297464
0.0300015
0.0441981
0.0444802
0.0446542
0.0449093
0.0482054
0.0484714
0.0498534
0.0562663
0.0634763
0.0636323
0.0144454
0.0148364
0.0150825
0.0152655
0.0154845
0.0158776
0.0161057
0.0164357
0.0170368
0.0173008
0.0175288
0.0178019
0.0180119
0.0182669
0.018513
0.018786
0.0189601
0.0192151
0.0195722
0.0197643
0.0199653
0.0203224
0.0705944
0.0208254
0.0209995
0.0712095
0.0220006
0.0221746
0.0224296
0.0226037
0.0228497
0.0730417
0.0733238
0.0735878
0.0738388
0.0740768
0.0242508
0.0245059
0.024734
0.024971
0.025535
0.0257091
0.0258921
0.0260572
0.0262853
0.0265043
0.0267504
0.0118153
0.0129545
0.0133116
0.0134766
0.0136687
0.0138248
0.0141188
0.0144609
0.0147799
0.0149429
0.015246
0.015666
0.0163031
0.0166691
0.0168432
0.0175782
0.0178242
0.0180433
0.0182083
0.0187554
0.0189384
0.0191035
0.0193226
0.0196956
0.0201047
0.0204168
0.0209568
0.0219789
0.0222609
0.022543
0.022903
0.023096
0.023252
0.023555
0.02413
0.0243431
0.0245171
0.0247182
0.0249012
0.0252312
0.0254532
0.0256633
0.0258463
0.0260733
0.0264694
0.0267154
0.0269434
0.0271355
0.0274176
0.0276816
0.0279277
0.0281767
0.0284257
0.0289838
0.0308408
0.0056104
0.0067226
0.0100402
0.0102232
0.0103882
0.0106253
0.0108713
0.0110634
0.0112284
0.0114565
0.0116125
0.0117866
0.0119876
0.0122247
0.0126358
0.0129178
0.0131549
0.0133289
0.0139769
0.014205
0.0144241
0.0145891
0.0148172
0.0149822
0.0151293
0.0152943
0.0156874
0.0158705
0.0160985
0.0163445
0.0166086
0.0167826
0.0170016
0.0171667
0.0173497
0.0174967
0.0176978
0.0178628
0.0180818
0.0186849
0.0112522
0.0122093
0.0125574
0.0129685
0.0135086
0.0138817
0.0142657
0.016045
0.0166781
0.0168522
0.0170083
0.0173213
0.0175794
0.0177444
0.0180245
0.0182435
0.0184895
0.0186815
0.0189276
0.0193296
0.0195216
0.0197587
0.0200137
0.0211388
0.0214118
0.0216488
0.0218409
0.0220419
0.0222069
0.022426
0.022645
0.0228191
0.0231791
0.0234241
0.0236211
0.0238581
0.0240412
0.0242512
0.0246412
0.0248183
0.0250913
0.0252744
0.0254394
0.0256584
0.0259044
0.0261595
0.0264835
0.0266786
0.0268616
0.0272217
0.0275157
0.0277887
0.0279717
0.0281368
0.0283828
0.00873688
0.00961103
0.0100881
0.0103822
0.0106102
0.0108292
0.0110123
0.0111593
0.0113783
0.0115884
0.0117894
0.0119545
0.0121015
0.0127866
0.0130507
0.0132068
0.0133988
0.0136629
0.0138369
0.014092
0.014356
0.0145481
0.0147671
0.0149951
0.0152412
0.0154512
0.0156253
0.0158713
0.0161354
0.0163094
0.0165915
0.0168195
0.0169665
0.0176276
0.0177837
0.0180387
0.0181857
0.0183327
0.0185608
0.0192928
0.0108611
0.0121273
0.0124484
0.0131694
0.0133614
0.0135175
0.0146806
0.0148367
0.0150017
0.0157969
0.015944
0.016199
0.0164181
0.0167481
0.0169222
0.0171052
0.0173603
0.0179373
0.0182523
0.0185284
0.0187114
0.0198446
0.0203786
0.0210187
0.0213937
0.0215947
0.0218678
0.0220688
0.0223138
0.0224818
0.0226649
0.0229379
0.0231959
0.023409
0.023565
0.023721
0.023877
0.0240601
0.0243151
0.0244712
0.0246862
0.0248692
0.0250253
0.0254094
0.0256804
0.0259404
0.0263825
0.0265295
0.0267626
0.0269856
0.0278796
0.0280476
0.0287797
0.0300607
0.0336638
0.00830111
0.00925318
0.00940921
0.00978428
0.0100393
0.0102313
0.0104864
0.0107234
0.0108975
0.0111165
0.0113446
0.0115096
0.0116746
0.0118577
0.0121217
0.0122777
0.0125058
0.0128699
0.01308
0.013401
0.013584
0.0138031
0.0139861
0.0142322
0.0144872
0.0146702
0.0148263
0.0150003
0.0152194
0.0154564
0.0156034
0.0158225
0.0161046
0.0163146
0.0164887
0.0166898
0.0168998
0.0170469
0.0176289
0.017857
0.0132449
0.0136469
0.013803
0.01395
0.0141691
0.0144151
0.0146792
0.0155983
0.0159644
0.0161434
0.0163544
0.0166004
0.0167925
0.0170455
0.0173096
0.0175556
0.0178377
0.0181017
0.0183208
0.0185128
0.0187049
0.0190039
0.0192809
0.0195569
0.0198389
0.020076
0.020304
0.020559
0.0207601
0.0210251
0.0211931
0.0214122
0.0216492
0.0218952
0.0220512
0.0223703
0.0226373
0.0229193
0.0231743
0.0234534
0.0236574
0.0238224
0.0240284
0.0242655
0.0244576
0.0247126
0.0249677
0.0252317
0.0255137
0.0265428
0.0267648
0.0269928
0.0272298
0.0275028
0.0277399
0.00879007
0.00921014
0.00939321
0.00955828
0.00972334
0.0100625
0.0106206
0.0111248
0.0113348
0.0115988
0.0117819
0.0120009
0.0123589
0.012551
0.012824
0.0130881
0.0132351
0.0134092
0.0138113
0.0140663
0.0143213
0.0146424
0.0148344
0.0150355
0.0152815
0.0154555
0.0156386
0.0159116
0.0161577
0.0163677
0.0166227
0.0168058
0.0174398
0.0175958
0.0177879
0.018052
0.018244
0.018445
0.0186371
0.0188021
0.010522
0.0126185
0.0127656
0.0133407
0.0138237
0.0141538
0.0143188
0.0148679
0.0152139
0.0154179
0.0156549
0.0160489
0.016241
0.016643
0.0170631
0.0178532
0.0182463
0.0184923
0.0187094
0.0189224
0.0191764
0.0195695
0.0197975
0.0200525
0.0203696
0.0205466
0.0207927
0.0210117
0.0212287
0.0223457
0.0225648
0.0228108
0.0229848
0.0232489
0.0234949
0.023651
0.023985
0.024153
0.0244621
0.0248852
0.0251222
0.0252963
0.0255244
0.0257524
0.0259715
0.0261995
0.0264365
0.0267695
0.0270635
0.0273526
0.0276076
0.0278177
0.0279917
0.0281567
0.0287328
0.00658947
0.00674555
0.00737069
0.00905706
0.00970829
0.0101014
0.0105034
0.0110256
0.0113076
0.0115177
0.0117007
0.0120757
0.0122858
0.0124508
0.0126609
0.0128889
0.013108
0.013327
0.0139801
0.0142621
0.0144721
0.0147362
0.0149012
0.0151743
0.0154023
0.0155584
0.0157414
0.0159334
0.0161075
0.0163625
0.0165455
0.0167376
0.0169836
0.0172027
0.0173677
0.0175868
0.0177518
0.0180159
0.0181989
0.0183999
0.0126992
0.0130113
0.0136534
0.0138595
0.0143486
0.0145046
0.0151587
0.0153358
0.0157019
0.0158489
0.016344
0.016909
0.0170831
0.0174161
0.0176651
0.0178462
0.0182312
0.0184142
0.0185612
0.0188893
0.0190634
0.0194205
0.0198265
0.0200035
0.0203515
0.0205616
0.0207806
0.0210266
0.0212076
0.0213866
0.0216687
0.0218337
0.0221128
0.0224878
0.0227098
0.0229468
0.0231119
0.0237919
0.0241759
0.024449
0.0246051
0.0248221
0.0250321
0.0252602
0.0254972
0.0257342
0.0259263
0.0261724
0.0263824
0.0265384
0.0267845
0.0269766
0.0272046
0.0277356
0.0299617
0.00724259
0.00784971
0.00800573
0.0085169
0.00924402
0.0096371
0.0103402
0.0105233
0.0110814
0.0113184
0.0115105
0.0119306
0.0120956
0.0123327
0.0126057
0.0128248
0.0130618
0.0134369
0.0137189
0.013893
0.014265
0.014713
0.0154361
0.0156281
0.0158561
0.0161292
0.0163303
0.0164773
0.0166963
0.0168883
0.0171344
0.0172905
0.0175275
0.0178005
0.0180376
0.0181846
0.0183676
0.0185777
0.0188597
0.0205818
0.013825
0.0140351
0.0147312
0.0152442
0.0158023
0.0159674
0.0161864
0.0164055
0.0166606
0.0168796
0.0172458
0.0175008
0.0177558
0.0181489
0.01835
0.018596
0.018815
0.019159
0.0195461
0.0197472
0.0200522
0.0203362
0.0205583
0.0207683
0.0210143
0.0212334
0.0214704
0.0217344
0.0220164
0.0222835
0.0225235
0.0227695
0.0235916
0.0237926
0.0241366
0.0244036
0.0245687
0.0248217
0.0251037
0.0253497
0.0255238
0.0256958
0.0258518
0.0260529
0.0263169
0.026636
0.026813
0.026992
0.027341
0.027651
0.027906
0.0281251
0.0282811
0.0284282
0.0286112
0.00661604
0.0078132
0.00810731
0.00860341
0.00887644
0.00965258
0.00979963
0.0102408
0.0109259
0.0110999
0.011274
0.011529
0.0117211
0.0118951
0.0122612
0.0126002
0.0129303
0.0131763
0.0133864
0.0136144
0.0138695
0.0142715
0.0144545
0.0148657
0.0151207
0.0155578
0.0159788
0.0161799
0.0163359
0.016609
0.016837
0.0170741
0.0173381
0.0175572
0.0177672
0.0180313
0.0182413
0.0185233
0.0186973
0.0188444
0.0094348
0.0110971
0.0116012
0.0125643
0.0127924
0.0129934
0.0135245
0.0142366
0.0144826
0.0147467
0.0148937
0.0151157
0.0154578
0.0156588
0.0159409
0.0162049
0.016535
0.016817
0.0169731
0.0172941
0.0175071
0.0177112
0.0188712
0.0190863
0.0192963
0.0195243
0.0196894
0.0199444
0.0201095
0.0203196
0.0206676
0.0209047
0.0210607
0.0212257
0.0213907
0.0215378
0.0218198
0.0220118
0.0224318
0.0227719
0.0229759
0.0232219
0.023536
0.023818
0.024103
0.024475
0.02467
0.0249591
0.0251601
0.0254721
0.0257481
0.0260211
0.0261682
0.0268042
0.0270772
0.00777533
0.00839947
0.00891258
0.00915863
0.00988876
0.0100358
0.0102189
0.011049
0.011241
0.0114871
0.0116972
0.0119252
0.0121802
0.0124353
0.0126993
0.0130204
0.0131764
0.0134224
0.0140495
0.0142865
0.0144516
0.0146616
0.0148716
0.0151357
0.0153187
0.0155828
0.0158378
0.0160928
0.0162489
0.0164229
0.016687
0.016861
0.0171431
0.0174251
0.0176892
0.0179262
0.0181452
0.0183013
0.0184573
0.0187303
0.0120307
0.0136569
0.013813
0.0141791
0.0152972
0.0155792
0.0159993
0.0162454
0.0164284
0.0166834
0.0173865
0.0183927
0.0185937
0.0191158
0.0193709
0.0195989
0.020293
0.020539
0.021565
0.021757
0.0219671
0.0222401
0.0223871
0.0225791
0.0227712
0.0230112
0.0232782
0.0235112
0.0237783
0.0240243
0.0241984
0.0244944
0.0246624
0.0248275
0.0250915
0.0255505
0.0257456
0.0259016
0.0261656
0.0264297
0.0266217
0.0268318
0.0271538
0.0274328
0.0276819
0.0279009
0.0282049
0.0284449
0.028628
0.028784
0.029159
0.0294631
0.0302651
0.0305031
0.0332002
0.00941843
0.0110197
0.0111668
0.0113588
0.0115238
0.0118699
0.012044
0.012227
0.0123831
0.0126111
0.0128752
0.0132682
0.0135233
0.0139233
0.0141694
0.0143344
0.0145265
0.0147635
0.0149916
0.0152736
0.0154206
0.0159227
0.0163007
0.0165467
0.0167658
0.0169129
0.0171499
0.0173689
0.017579
0.017735
0.0179001
0.0181102
0.0183022
0.0185212
0.0186773
0.0189503
0.0191064
0.0192624
0.0194455
0.0200736
0.014391
0.0153452
0.0157424
0.0158894
0.0162464
0.0167595
0.0170716
0.0173556
0.0175866
0.0178597
0.0180337
0.0182438
0.0186678
0.0188989
0.0191269
0.019292
0.019584
0.019827
0.0200761
0.0202981
0.0205921
0.0211032
0.0213852
0.0216403
0.0219974
0.0224174
0.0226544
0.0228915
0.0233006
0.0235386
0.0237966
0.0241897
0.0244177
0.0246998
0.0249548
0.0251468
0.0260958
0.0262519
0.0264959
0.0266609
0.0268889
0.027099
0.027366
0.027606
0.0278251
0.0280621
0.0282272
0.0285092
0.0287732
0.0290373
0.0292023
0.0294214
0.0296314
0.0298055
0.0300155
1.03396
0.93396
0.833973
0.00730944
0.00763954
0.0078676
0.00820667
0.0088759
0.00925998
0.00980006
0.0100371
0.0103762
0.0109253
0.0110814
0.0113184
0.0115645
0.0118375
0.0120565
0.0122846
0.0125216
0.0128036
0.0130227
0.0131787
0.0134247
0.0137998
0.0140819
0.0143639
0.014511
0.01524
0.015522
0.0156871
0.0158701
0.0160712
0.0162542
0.0164103
0.0166653
0.0168484
0.0170674
0.0172595
0.0174785
0.0176976
0.0179707
0.0181357
0.0119121
0.0123231
0.0127982
0.0133293
0.0136873
0.0138523
0.0146605
0.0149066
0.0153926
0.0156477
0.0163539
0.0166269
0.017041
0.0172571
0.0174161
0.0177441
0.0183022
0.0185122
0.0187943
0.0192053
0.0193953
0.0196774
0.0199324
0.0202054
0.0204515
0.0205985
0.0208716
0.0210816
0.0213096
0.0215017
0.0217027
0.0219497
0.0222438
0.0224858
0.0226448
0.0228458
0.0238539
0.0240009
0.0242469
0.0244619
0.0246619
0.024914
0.025127
0.025511
0.0257211
0.0259991
0.0262121
0.0264132
0.0265692
0.0267163
0.0269763
0.0271324
0.0273064
0.0279554
0.0289245
0.0298366
0.00915351
0.00968465
0.0101978
0.0109669
0.0111679
0.011489
0.011654
0.0120652
0.0122842
0.0125393
0.0127043
0.0129324
0.0131784
0.0133434
0.0135625
0.0137815
0.0141656
0.0143486
0.0145407
0.0147507
0.0150148
0.0152698
0.0156629
0.0158909
0.0160379
0.016212
0.016476
0.017169
0.0173971
0.0176251
0.0178172
0.0180092
0.0181923
0.0184743
0.0186394
0.0190505
0.0192875
0.0194346
0.0196446
0.0202836
0.011122
0.012143
0.0124821
0.0129601
0.0133162
0.0134842
0.0136402
0.0140243
0.0144354
0.0150105
0.0153045
0.0154786
0.0156976
0.0159167
0.0163097
0.0165198
0.0167388
0.0168859
0.017033
0.017261
0.017498
0.0176631
0.0181922
0.0192402
0.0193873
0.0196243
0.0199064
0.0201074
0.0204104
0.0206664
0.0209125
0.0211855
0.0213825
0.0216325
0.0217916
0.0219636
0.0222277
0.0224647
0.0226657
0.0228848
0.0234428
0.0236528
0.0238719
0.0241539
0.0244159
0.024608
0.024755
0.024986
0.025277
0.025454
0.0256101
0.0258921
0.0260751
0.0263482
0.0265312
0.0267053
0.00925131
0.0096424
0.00987946
0.0102455
0.0104556
0.0110026
0.0111947
0.0113688
0.0119179
0.0121729
0.01241
0.012602
0.012857
0.0131031
0.0133402
0.0134872
0.0137243
0.0139073
0.0142624
0.0146384
0.0150235
0.0151975
0.0153536
0.0155096
0.0157826
0.0161307
0.0163858
0.0166588
0.0170049
0.0171789
0.017344
0.017608
0.01789
0.0180551
0.0182021
0.0184842
0.0187032
0.0188953
0.0196213
0.0198584
0.00803006
0.00902532
0.00988244
0.0102395
0.0108816
0.0116798
0.0118268
0.012277
0.0126881
0.0132172
0.0138422
0.0146993
0.0150294
0.0155695
0.0157485
0.0159496
0.0162026
0.0166226
0.0169976
0.0172797
0.0174357
0.0176008
0.0181818
0.0193759
0.0200149
0.020225
0.0204801
0.0206911
0.0209131
0.0211931
0.0213902
0.0216452
0.0218733
0.0220563
0.0222213
0.0225673
0.0227714
0.0230174
0.0233345
0.0235565
0.0238026
0.0240486
0.0242226
0.0244737
0.0246297
0.0248397
0.0250317
0.0252508
0.0256529
0.0259079
0.0260819
0.026378
0.026597
0.026834
0.027008
0.0274851
0.00742274
0.00807391
0.00902211
0.00969125
0.00989229
0.0102944
0.0106786
0.0108346
0.0110627
0.0116457
0.0118018
0.0126418
0.0129059
0.0130799
0.013362
0.013563
0.0138
0.0140641
0.0143281
0.0146102
0.0148652
0.0151773
0.0153693
0.0156153
0.0158164
0.0160804
0.0162364
0.0163835
0.0165575
0.0168036
0.0170676
0.0172507
0.0174157
0.0175897
0.0178628
0.0180458
0.0182289
0.018385
0.019003
0.019204
0.0102612
0.0106013
0.0111984
0.0121775
0.0130036
0.0136707
0.0140278
0.0144478
0.01497
0.015381
0.0155281
0.0157022
0.0159842
0.0161312
0.0164492
0.0170323
0.0171913
0.0176114
0.0178214
0.0182135
0.0184355
0.0186635
0.0188736
0.0190836
0.0193296
0.0196117
0.0198307
0.0199957
0.0201518
0.0206018
0.0207698
0.0212029
0.0219849
0.022222
0.022504
0.022678
0.022966
0.023222
0.023459
0.0236401
0.0238591
0.0240242
0.0242662
0.0244402
0.0246502
0.0248693
0.0251843
0.0254723
0.0256673
0.0259314
0.0260874
0.0263245
0.0265885
0.0268616
0.0270176
0.0272997
0.00642234
0.00915487
0.0105551
0.0112822
0.0115943
0.0118043
0.0120144
0.0121614
0.0124345
0.0128185
0.0130016
0.0132386
0.0134756
0.0136767
0.0139497
0.0142048
0.0143608
0.0147629
0.0149909
0.015138
0.015294
0.015486
0.0156871
0.0161072
0.0165283
0.0167023
0.0170983
0.0173534
0.0175275
0.0176745
0.0178846
0.0180856
0.0182506
0.0184787
0.0186528
0.0187998
0.0190189
0.0192919
0.019529
0.021647
0.0119434
0.0126795
0.0131745
0.0133486
0.0140267
0.0147387
0.0151778
0.0153968
0.0156069
0.0157719
0.016093
0.016308
0.0167401
0.0169052
0.0172983
0.0175534
0.0177994
0.0180454
0.0182015
0.0185945
0.0189856
0.0196687
0.0199508
0.0206008
0.0214108
0.0216388
0.0218219
0.0220679
0.0222779
0.0224879
0.022805
0.02298
0.023565
0.023828
0.02405
0.0242961
0.0244971
0.0246801
0.0248992
0.0251543
0.0253013
0.0254754
0.0257034
0.0259305
0.0261945
0.0263625
0.0265455
0.0267105
0.0270506
0.0272996
0.0274827
0.0277107
0.0279658
0.0281398
0.0283859
0.0286229
0.00771981
0.00858203
0.00890413
0.00931521
0.00946225
0.00960927
0.00995732
0.0101764
0.0106985
0.0108905
0.0110466
0.0114316
0.0119877
0.0122337
0.0124258
0.0126358
0.0128728
0.0130919
0.01332
0.01353
0.0137761
0.0140791
0.0142351
0.0144992
0.0146642
0.0148832
0.0150483
0.0152673
0.0156784
0.0159065
0.0160715
0.0162726
0.0164826
0.0166297
0.0167768
0.0170138
0.0171789
0.0178959
0.018169
0.018397
0.0109325
0.0116106
0.0126128
0.0129159
0.013265
0.0153402
0.0156222
0.0158862
0.0168863
0.0171213
0.0172683
0.0174694
0.0177334
0.0180065
0.0181896
0.0184086
0.0186277
0.0188537
0.0193287
0.0196167
0.0198207
0.0199948
0.0203048
0.0205808
0.0207599
0.0209879
0.021207
0.021707
0.0219531
0.0221091
0.0223981
0.0227852
0.0233282
0.0235833
0.0238653
0.0240484
0.0241954
0.0244685
0.0246785
0.0248346
0.0250896
0.0253716
0.0255817
0.0258877
0.0260558
0.0263198
0.0265118
0.0267939
0.0270489
0.027196
0.027388
0.027661
0.0278261
0.0285071
0.0286811
0.0288761
0.00970825
0.0103844
0.0105405
0.0107235
0.0109336
0.0111436
0.0116997
0.0119008
0.0120838
0.0123298
0.0125218
0.0128039
0.0130769
0.0132599
0.013488
0.0136351
0.0138181
0.0140552
0.0142472
0.0144123
0.0146673
0.0148414
0.0149974
0.0151985
0.0153545
0.0156366
0.0157926
0.0159397
0.0161227
0.0165408
0.0167238
0.0169158
0.0171529
0.0178049
0.0180779
0.018279
0.018462
0.0187171
0.0188821
0.0191552
0.0163388
0.0165669
0.0168889
0.017213
0.01757
0.0178911
0.0184742
0.0186932
0.0190773
0.0193053
0.0195164
0.0197114
0.0198584
0.0203425
0.0207385
0.0208946
0.0212877
0.0218348
0.0220448
0.0223179
0.0224919
0.022693
0.022948
0.023158
0.0234041
0.0236411
0.024134
0.0243351
0.0245501
0.0248351
0.0250181
0.0252281
0.0254472
0.0256302
0.0258042
0.0260842
0.0262672
0.0265043
0.0267143
0.0269183
0.0271943
0.0274204
0.0276754
0.0279304
0.0282474
0.0290815
0.0292465
0.0294116
0.0296846
0.0298497
0.0302237
0.0304367
0.0305838
0.0308328
0.0309918
0.0323359
0.00928316
0.00962224
0.00983232
0.00997939
0.0106575
0.0110146
0.0112966
0.0114977
0.0118727
0.0120288
0.0122208
0.0124668
0.0126319
0.0128329
0.0131059
0.013379
0.013535
0.0137001
0.0138921
0.0141292
0.0144022
0.0146842
0.0148583
0.0150953
0.0152964
0.0155064
0.0156534
0.0158365
0.0165495
0.0167685
0.0171326
0.0173247
0.0175437
0.0177898
0.0179728
0.0182098
0.0184919
0.0187469
0.019002
0.019596
0.00864591
0.00910496
0.0111853
0.0120235
0.0121705
0.0124825
0.0130707
0.0137488
0.0144179
0.0145829
0.0148469
0.01522
0.0155411
0.0161611
0.0163831
0.0166652
0.0168302
0.0173773
0.0176503
0.0178603
0.0182084
0.0183554
0.0187665
0.0189135
0.0198795
0.0200476
0.0203116
0.0204947
0.0207137
0.0209538
0.0212188
0.0214558
0.0217109
0.0219119
0.0220679
0.022233
0.022389
0.0226571
0.0228341
0.0230171
0.0233122
0.0236062
0.0241533
0.0244633
0.0247213
0.0248683
0.0251144
0.0252864
0.0256055
0.0258095
0.0260645
0.0265445
0.0270826
0.0272836
0.0275566
0.0362087
0.0043589
0.00611325
0.00685947
0.00731861
0.00791679
0.00809081
0.00909698
0.00934303
0.00975415
0.00997319
0.0104663
0.0106314
0.0119556
0.0122287
0.0124837
0.0126578
0.0128678
0.0135839
0.0138209
0.0140939
0.014349
0.014586
0.014859
0.0150151
0.0152251
0.0156182
0.0158373
0.0161103
0.0163924
0.0165754
0.0168214
0.0170765
0.0172236
0.0174516
0.0176437
0.0178717
0.0181537
0.0183998
0.0185918
0.0191949
0.0123045
0.0130516
0.0132256
0.0134707
0.0140097
0.0147058
0.0151199
0.015471
0.015753
0.015999
0.0162721
0.0168302
0.0171032
0.0175143
0.0176883
0.0182194
0.0194135
0.0196955
0.0198695
0.0202445
0.0204906
0.0207726
0.0209286
0.0211747
0.0213937
0.0215408
0.0217689
0.0219339
0.022126
0.022493
0.022768
0.022963
0.0231281
0.0234011
0.0236652
0.0238572
0.0241302
0.0244562
0.0246243
0.0248953
0.0251414
0.0253334
0.0254985
0.0256975
0.0259615
0.0262166
0.0263906
0.0266546
0.0269187
0.0271557
0.0274477
0.0276157
0.0278487
0.0279957
0.0289898
0.0292678
0.0075476
0.00773965
0.00853882
0.0089319
0.00940901
0.0100601
0.0107273
0.0111024
0.0112944
0.0116335
0.0119905
0.0122636
0.0124286
0.0126656
0.0129387
0.0131218
0.0133588
0.0137609
0.0139709
0.014208
0.0144
0.0145561
0.0148381
0.0149851
0.0151862
0.0158972
0.0161703
0.0164344
0.0165994
0.0168095
0.0170825
0.0172475
0.0175206
0.0177216
0.0178776
0.0181147
0.0183247
0.0185168
0.0187628
0.0189639
0.0104751
0.0106581
0.0112952
0.0131396
0.0132866
0.0142246
0.0147077
0.0149268
0.0152748
0.0155389
0.015923
0.016097
0.0164901
0.0167741
0.0169331
0.0171072
0.0173442
0.0176833
0.0179654
0.0181664
0.0183765
0.0185595
0.0187785
0.0190425
0.0193166
0.0200386
0.0207477
0.0214458
0.0217188
0.0220268
0.0226329
0.0228609
0.0230349
0.023218
0.023476
0.023761
0.0239351
0.0240912
0.0243732
0.0245652
0.0247752
0.0250033
0.0251593
0.0254143
0.0255614
0.0257624
0.0259094
0.0262114
0.0263885
0.0266255
0.0267726
0.0270086
0.0271766
0.0275877
0.0278248
0.0284279
0.0055894
0.0071916
0.00840993
0.00873099
0.00951511
0.00966214
0.0103583
0.0107584
0.0110225
0.0113166
0.0115176
0.0117096
0.0118927
0.0120847
0.0126248
0.0128618
0.0130898
0.0133539
0.0135279
0.0138099
0.014212
0.0146321
0.0155301
0.0156862
0.0158422
0.0160703
0.0162173
0.0164184
0.0167754
0.0170305
0.0173125
0.0174956
0.0177686
0.0179877
0.0181708
0.0184169
0.0185999
0.0188369
0.0190109
0.019551
0.0130823
0.0135865
0.0145726
0.0147287
0.0150857
0.0154428
0.0156078
0.0160579
0.0168181
0.0170911
0.0173012
0.0175742
0.0178342
0.0179993
0.0181913
0.0185513
0.0188364
0.0190824
0.0193605
0.0196075
0.0198835
0.0203036
0.0205226
0.0209247
0.0211798
0.0213988
0.0215728
0.0218189
0.0223129
0.0226069
0.0235349
0.023757
0.023984
0.024251
0.024524
0.0247971
0.0249441
0.0251361
0.0253011
0.0255502
0.0258172
0.0260612
0.0262622
0.0264903
0.0267093
0.0268564
0.0270214
0.0271775
0.0273875
0.0276516
0.0278256
0.0280806
0.0282997
0.0285797
0.0288438
0.0292768
0.00661961
0.00768388
0.00915316
0.00935421
0.00986531
0.0100124
0.0103515
0.0106336
0.0110356
0.0112636
0.0116367
0.0118648
0.0120208
0.0122219
0.0124589
0.012705
0.01287
0.013098
0.0132991
0.0140061
0.0142792
0.0144352
0.0146723
0.0149273
0.0150743
0.0152484
0.0154044
0.0155695
0.0157615
0.0159535
0.0162356
0.0164816
0.0166466
0.0168477
0.0170937
0.0173758
0.0176398
0.0177959
0.0180239
0.018225
0.00671353
0.00742068
0.00846687
0.00992818
0.0107633
0.0111944
0.0132838
0.0143129
0.0156381
0.0158751
0.0161301
0.0162772
0.0164782
0.0168983
0.0178104
0.0194406
0.0200076
0.0201797
0.0203807
0.0205527
0.0208177
0.0210847
0.0212498
0.0216308
0.0217898
0.0219548
0.0221019
0.0222939
0.022558
0.022759
0.022951
0.023232
0.0234271
0.0236551
0.0238381
0.0240842
0.0243573
0.0245853
0.0249244
0.0251754
0.0254204
0.0256935
0.0258585
0.0260685
0.0263966
0.0266546
0.0268466
0.0270386
0.0273037
0.0274897
0.0276728
0.0279098
0.0281468
0.0283479
0.028594
0.029206
0.0081329
0.00835194
0.00874503
0.00895506
0.00942318
0.00958823
0.0101744
0.0105774
0.0109255
0.0110995
0.0114726
0.0118837
0.0122317
0.0124958
0.0127688
0.0130419
0.0132249
0.0137329
0.013916
0.0143091
0.0145372
0.0147112
0.0150392
0.0152043
0.0154323
0.0156874
0.0159694
0.0161435
0.0164165
0.0166266
0.0168276
0.0170377
0.0172027
0.0174397
0.0176498
0.0178058
0.0180699
0.0188229
0.019006
0.0212051
0.0120273
0.0129504
0.0137825
0.0145756
0.0148427
0.0152358
0.0156288
0.0159229
0.0160699
0.0162349
0.016556
0.0169041
0.0170871
0.0173692
0.0175702
0.0177262
0.0181013
0.0182843
0.0185663
0.0188304
0.0189774
0.0193684
0.0196325
0.0199055
0.0200706
0.0203526
0.0207036
0.0209706
0.0212037
0.0214617
0.0217257
0.0220188
0.0229358
0.0232868
0.0236119
0.0238159
0.0241669
0.024353
0.024597
0.024843
0.0250261
0.0252001
0.0254281
0.0257102
0.0258932
0.0260852
0.0262773
0.0264513
0.0266794
0.0268514
0.0269984
0.0272535
0.0275355
0.0277005
0.0279375
0.0297137
0.00434408
0.0104694
0.0106435
0.0109255
0.0112646
0.0115016
0.0125047
0.0129067
0.0130898
0.0135008
0.0136659
0.0139389
0.014113
0.014269
0.0144251
0.0145992
0.0147552
0.0149923
0.0151483
0.0153133
0.0154964
0.0158984
0.0160904
0.0163005
0.0165646
0.0169666
0.0173687
0.0175248
0.0177438
0.0179358
0.0181909
0.018338
0.018758
0.018914
0.0196651
0.0198391
0.0199861
0.0201782
0.0203252
0.0205263
0.0125067
0.0134178
0.0135739
0.0139489
0.014315
0.0149931
0.0153142
0.0160803
0.0162544
0.0164894
0.0166814
0.0171015
0.0173475
0.0175855
0.0178166
0.0180176
0.0182997
0.0185237
0.0187277
0.0188838
0.0190668
0.0192589
0.019634
0.01988
0.02009
0.02037
0.020616
0.020889
0.0210631
0.0212821
0.0218542
0.0224652
0.0227112
0.0229033
0.0230953
0.0233684
0.0237104
0.0240304
0.0242614
0.0244265
0.0245735
0.0248466
0.0251546
0.0255686
0.0257967
0.0261117
0.0263427
0.0265258
0.0267628
0.0271559
0.0274289
0.0275849
0.027732
0.027978
0.0289191
0.0291951
0.00821407
0.00871818
0.00890124
0.0102345
0.0103996
0.0106546
0.0108377
0.0109938
0.0113058
0.012002
0.012149
0.0125691
0.0127252
0.0130733
0.0133463
0.0135743
0.0137933
0.0140664
0.0142764
0.0145405
0.0147955
0.0151706
0.0154076
0.0155816
0.0161937
0.0163767
0.0165327
0.0167067
0.0168898
0.0171178
0.0173458
0.0175019
0.0177389
0.017886
0.018033
0.0183061
0.0185792
0.0187443
0.0189543
0.0191823
0.00902923
0.00918824
0.0103584
0.0107065
0.0124478
0.0126038
0.0129789
0.0140161
0.0143832
0.0146512
0.0155013
0.0159033
0.0161493
0.0162964
0.0167214
0.0169585
0.0171055
0.0172705
0.0176016
0.0180916
0.0182746
0.0190067
0.0193728
0.0195198
0.0199039
0.0201049
0.020369
0.0207421
0.0209341
0.0212052
0.0213702
0.0215713
0.0217723
0.0221353
0.0223393
0.0226563
0.0229373
0.0231294
0.0235224
0.0237505
0.0238975
0.0240716
0.0242726
0.0245546
0.0247556
0.0249207
0.0251127
0.0253857
0.0255868
0.0258688
0.0260788
0.0267599
0.027015
0.027243
0.027435
0.0283601
0.0138076
0.0140537
0.0142097
0.0143568
0.0146298
0.0148039
0.0150589
0.015296
0.015506
0.015725
0.0159621
0.0162261
0.0164362
0.0165832
0.0168113
0.0170754
0.0172314
0.0175135
0.0177415
0.0179246
0.0181167
0.0182637
0.0184287
0.0186658
0.0188578
0.0190589
0.0192149
0.0194249
0.0196529
0.0199349
0.020127
0.020337
0.0205201
0.0207211
0.0210031
0.0211862
0.0213422
0.0215343
0.0217263
0.0219364
0.0115268
0.0118839
0.012682
0.0133001
0.0139992
0.0142712
0.0146493
0.0154004
0.0156645
0.0159016
0.0163516
0.0166818
0.0168378
0.0170299
0.0172939
0.017468
0.017651
0.0180711
0.0182451
0.0185001
0.0187461
0.0189742
0.0192472
0.0194803
0.0196913
0.0199853
0.0201684
0.0204564
0.0207194
0.0209594
0.0211154
0.0212624
0.0215264
0.0217554
0.0220495
0.0222055
0.0224246
0.0234356
0.0237177
0.0239637
0.0241287
0.0242918
0.0245468
0.0248288
0.0250658
0.0252849
0.0255889
0.0258629
0.026055
0.026403
0.026658
0.0268231
0.0270961
0.0273691
0.0275792
0.0281732
0.00849493
0.00902403
0.00918907
0.00970223
0.00989426
0.0101313
0.0106265
0.0111396
0.0113677
0.0121307
0.0123768
0.0125958
0.0128329
0.0129889
0.013145
0.01331
0.0135741
0.0139581
0.0143241
0.0145342
0.0147712
0.0149183
0.0150653
0.0153114
0.0155484
0.0157405
0.0159775
0.0166886
0.0169706
0.0174816
0.0176917
0.0179018
0.0180938
0.0182949
0.0185139
0.018679
0.018916
0.0190901
0.0192461
0.0201941
0.0135085
0.0147757
0.0150308
0.0153428
0.0157608
0.0161629
0.01631
0.016547
0.0168861
0.0171411
0.0174802
0.0176902
0.0179002
0.0181193
0.0184014
0.0186384
0.0187944
0.0191785
0.0193346
0.0195266
0.0200237
0.0201707
0.0204617
0.0212668
0.0216869
0.0222069
0.0224519
0.0227359
0.0229399
0.023186
0.023432
0.023753
0.023964
0.024246
0.024438
0.0246391
0.0248131
0.0250682
0.0253412
0.0256053
0.0264513
0.0266784
0.0268804
0.0271534
0.0273725
0.0275555
0.0277656
0.0279576
0.0281496
0.0284456
0.0287186
0.0289287
0.0291297
0.0292858
0.0341399
0.036699
0.003344
0.00750803
0.00815718
0.00850522
0.00905433
0.0094474
0.00963045
0.00997654
0.0102046
0.0103786
0.0107357
0.0110568
0.0112219
0.0115969
0.011879
0.0122091
0.0125841
0.0127582
0.0130132
0.0132143
0.0134963
0.0136434
0.0142805
0.0144815
0.0146465
0.0148386
0.0150936
0.0152497
0.0155227
0.0157868
0.0159788
0.0161348
0.0162909
0.0165639
0.0167469
0.016993
0.017167
0.0173501
0.0175961
0.0178782
0.0145079
0.0148379
0.0150029
0.015249
0.0156661
0.0159241
0.0160801
0.0164372
0.0166023
0.0168843
0.0170494
0.0172774
0.0174605
0.0176165
0.0178176
0.0181116
0.0183577
0.0185857
0.0197508
0.0200498
0.0203349
0.0206079
0.0208539
0.02101
0.021216
0.021558
0.021833
0.022056
0.0222691
0.0225061
0.0227231
0.0230051
0.0232422
0.0234342
0.0236422
0.0238612
0.0241253
0.0243713
0.0246264
0.0248094
0.0250734
0.0252205
0.0253765
0.0255416
0.0258886
0.0261556
0.0263836
0.0266296
0.0268847
0.0271567
0.0273967
0.0276788
0.0278438
0.0281168
0.0283089
0.0285549
0.00574435
0.00844206
0.00923512
0.00975722
0.0103153
0.0108445
0.0110995
0.0113455
0.0117476
0.0119846
0.0121497
0.0122967
0.0124437
0.0125998
0.0128458
0.0133479
0.0136209
0.013858
0.0142691
0.0144971
0.0147521
0.0149622
0.0153733
0.0156284
0.0158384
0.0161204
0.0163755
0.0166575
0.0168406
0.0171047
0.0172517
0.0178497
0.0180598
0.0182968
0.0185789
0.0188609
0.019071
0.01929
0.0195451
0.0198181
0.0126786
0.0128347
0.0130088
0.0138709
0.014338
0.0146681
0.0153551
0.0155562
0.0158783
0.0163564
0.0165034
0.0168334
0.0176586
0.0178417
0.0180068
0.0188768
0.0192969
0.0195509
0.0198589
0.020153
0.020336
0.020555
0.0207291
0.0209031
0.0210591
0.0213041
0.0216331
0.0218732
0.0230672
0.0234682
0.0236273
0.0238373
0.0240924
0.0242934
0.0244404
0.0250865
0.0252336
0.0254526
0.0256626
0.0259356
0.0262087
0.0264007
0.0265927
0.0267668
0.0270218
0.0271778
0.0276999
0.0278899
0.0288969
0.0291279
0.029365
0.029566
0.029785
0.030049
0.030867
0.0327541
0.00161651
0.00845081
0.00882586
0.00902688
0.00956502
0.0098681
0.0100331
0.0102072
0.0105732
0.0107473
0.0118626
0.0121266
0.0125107
0.0126578
0.0129218
0.0135068
0.0137349
0.0139809
0.0141459
0.0144279
0.01462
0.014785
0.0152871
0.0155512
0.0158332
0.0160883
0.0162803
0.0164274
0.0167004
0.0168475
0.0170126
0.0172136
0.0174866
0.0176427
0.0178167
0.0182368
0.0184919
0.019119
0.019401
0.0196111
0.00904213
0.0106003
0.0122786
0.0133668
0.014985
0.015186
0.01536
0.0156811
0.0159541
0.0161912
0.0164102
0.0165842
0.0167673
0.0169683
0.0172894
0.0176015
0.0179005
0.0181315
0.0187457
0.0196177
0.0198998
0.0200918
0.0202568
0.0205118
0.0208959
0.0211059
0.0213879
0.0217049
0.022113
0.0225481
0.0229421
0.0232891
0.0235281
0.0237861
0.0239332
0.0242152
0.0245182
0.0248923
0.0250963
0.0253514
0.0255254
0.0256994
0.0259184
0.0260835
0.0263475
0.0265485
0.0268626
0.0270396
0.0273036
0.0275586
0.0277957
0.0279697
0.0282518
0.0285068
0.0286629
0.0289769
0.00954287
0.010351
0.0109942
0.0114982
0.0117353
0.0119273
0.0121914
0.0123744
0.0127675
0.0129506
0.0133806
0.0137047
0.0139867
0.0143528
0.0145088
0.0147549
0.0151119
0.0153039
0.01567
0.015916
0.0162281
0.0167593
0.0169063
0.0171434
0.0174164
0.0176445
0.0178005
0.0179925
0.0182026
0.0184666
0.0189417
0.0191517
0.0193797
0.0195718
0.0202598
0.0205329
0.0207969
0.021061
0.021235
0.0213911
0.0104595
0.0114496
0.0118157
0.0121817
0.0129398
0.01407
0.0144541
0.0146462
0.0151863
0.0154593
0.0157413
0.0159153
0.0163174
0.0165545
0.0168445
0.0172125
0.0174345
0.0178186
0.0180197
0.0182387
0.0187078
0.0188728
0.0196399
0.0198409
0.0200469
0.0203289
0.0212181
0.0214642
0.0217372
0.0219022
0.0220922
0.0222753
0.0224313
0.0225783
0.0228414
0.0230274
0.0231834
0.0234654
0.0237475
0.0239305
0.0242125
0.0246065
0.0248335
0.0251176
0.0253466
0.0256856
0.0259677
0.0262317
0.0264868
0.0267058
0.0268799
0.0276239
0.027771
0.027972
0.0281371
0.0299311
0.0083953
0.00860535
0.00913651
0.00932856
0.00985066
0.0101237
0.0103428
0.0106159
0.0107629
0.011075
0.011339
0.011576
0.0118581
0.0121041
0.0122872
0.0125152
0.0127252
0.0128903
0.0131093
0.0132834
0.0134304
0.0136225
0.0138595
0.0141415
0.0143336
0.0145436
0.0147536
0.0149997
0.0152277
0.0155097
0.0156658
0.0158758
0.0160228
0.0161789
0.01668
0.0168721
0.0170281
0.0172022
0.0174572
0.0176762
0.0093894
0.00953641
0.0105916
0.0111207
0.013005
0.0133171
0.0134641
0.0141332
0.0144994
0.0149765
0.0153516
0.0156997
0.0159197
0.0162798
0.0165438
0.0168749
0.0170939
0.0173039
0.0175809
0.017839
0.018022
0.0182051
0.0185451
0.0188391
0.0192212
0.0195603
0.0199803
0.0203913
0.0205923
0.0208744
0.0212414
0.0214004
0.0217764
0.0220145
0.0222905
0.0225725
0.0228096
0.0237536
0.0240267
0.0242007
0.0244718
0.0248358
0.0250188
0.0252019
0.0254029
0.02555
0.025832
0.026106
0.0264001
0.0265831
0.0268562
0.0271382
0.0274023
0.0276583
0.0282373
0.0301753
0.00583279
0.00609185
0.00875547
0.00925957
0.00956366
0.0101838
0.0104208
0.0107419
0.0109969
0.011433
0.011589
0.0117721
0.0120271
0.0123662
0.0126033
0.0128673
0.0130414
0.0138075
0.0139815
0.0141465
0.0143836
0.0145486
0.0147317
0.0149597
0.0151248
0.0153438
0.0155899
0.0157999
0.015974
0.016175
0.016457
0.016604
0.0168861
0.0170601
0.0174172
0.0175732
0.0177923
0.0182693
0.0190823
0.0208314
0.00884621
0.0104486
0.0107437
0.0110717
0.0113928
0.0117819
0.0139442
0.0144302
0.0151083
0.0157034
0.0160874
0.0162434
0.0165165
0.0168615
0.0172756
0.0175216
0.0180507
0.0182247
0.0184197
0.0187618
0.0189989
0.0193559
0.0204762
0.0206952
0.0209052
0.0211512
0.0213253
0.0215623
0.0218174
0.0219984
0.0222534
0.0224805
0.0228675
0.0231225
0.0233326
0.0234976
0.0245097
0.0247917
0.0250377
0.0252837
0.0255027
0.0260508
0.0262998
0.0266439
0.0269119
0.0271429
0.0273619
0.027644
0.027809
0.028028
0.0281931
0.0283761
0.0286132
0.0287693
0.0290683
0.0297464
0.00798023
0.00819927
0.0086854
0.00891346
0.00919552
0.0096066
0.00987063
0.0100717
0.0105758
0.0107228
0.0109238
0.0111159
0.0113439
0.011599
0.011782
0.011929
0.0125581
0.0127951
0.0130591
0.0132152
0.0133802
0.0135813
0.0138273
0.0140104
0.0141575
0.0143765
0.0146225
0.0148686
0.0150246
0.0152167
0.0154447
0.0161898
0.0163729
0.0165469
0.016811
0.0169581
0.0171231
0.0173872
0.0176692
0.0179512
0.00246483
0.0112155
0.0118206
0.0121776
0.0128558
0.0133599
0.013855
0.0141671
0.0144971
0.0150192
0.0151843
0.0156974
0.0159614
0.0162435
0.0167555
0.0169866
0.0173076
0.0181777
0.0183637
0.0185827
0.0188288
0.0191018
0.0194858
0.0196779
0.0198609
0.020026
0.020209
0.020419
0.0206291
0.0207851
0.0210582
0.0212692
0.0214822
0.0216813
0.0219093
0.0221283
0.0223874
0.0225644
0.0227744
0.0231205
0.0233785
0.0235976
0.0237806
0.0240356
0.0242817
0.0244828
0.0247068
0.0249168
0.0252178
0.0254758
0.0256948
0.0259229
0.0262049
0.026361
0.026526
0.027487
0.00549638
0.00653761
0.00686769
0.00771088
0.00816098
0.00850004
0.0092212
0.0101944
0.0103504
0.0106605
0.0108076
0.0111646
0.0113926
0.0116567
0.0120747
0.0122848
0.0126778
0.0131238
0.013843
0.0140081
0.0141551
0.0151503
0.0153333
0.0154894
0.0157084
0.0159005
0.0160745
0.0163565
0.0165666
0.0168216
0.0171037
0.0173407
0.0175327
0.0177517
0.0183518
0.0185708
0.0187449
0.018892
0.019066
0.0199781
0.00928019
0.0120187
0.0125818
0.0128258
0.0135389
0.013713
0.014303
0.01454
0.0147411
0.0151252
0.0153622
0.0156003
0.0158683
0.0161443
0.0165013
0.0168854
0.0171135
0.0176226
0.0180246
0.0182256
0.0184987
0.0198137
0.0200777
0.0202428
0.0204169
0.0206269
0.0208459
0.0211919
0.021477
0.021774
0.0220591
0.0222151
0.0224881
0.0227702
0.0229172
0.0231903
0.0233643
0.0236374
0.0239104
0.0241835
0.0245435
0.0248105
0.0250835
0.0253026
0.0255306
0.0256866
0.0259927
0.0262687
0.0264787
0.0267068
0.0269528
0.0272648
0.0274239
0.0276879
0.0279699
0.029044
0.00744486
0.00773895
0.00854412
0.00896419
0.00916526
0.00954035
0.00970538
0.0100355
0.0104015
0.0108226
0.0110236
0.0113358
0.0117018
0.0119479
0.012176
0.013256
0.013511
0.0137391
0.0139041
0.0141862
0.0143782
0.0145253
0.0147353
0.0149003
0.0150834
0.0152574
0.0154584
0.0156954
0.0159325
0.0161155
0.0163435
0.0165446
0.0166916
0.0169017
0.0174107
0.0176208
0.0178938
0.0181129
0.0183769
0.019955
0.0117758
0.0138069
0.0142259
0.014418
0.014599
0.014867
0.015053
0.0154461
0.0157012
0.0161212
0.0162952
0.0164873
0.0166523
0.0168624
0.0170275
0.0171835
0.0173756
0.0176786
0.0179427
0.0181887
0.0183357
0.0185548
0.0187468
0.0190099
0.0192949
0.0195769
0.0197959
0.020078
0.020243
0.02039
0.0206841
0.0208581
0.0211042
0.0213232
0.0215242
0.0217613
0.0219873
0.0221343
0.0223264
0.0224734
0.0227014
0.0229995
0.0232125
0.0235255
0.0237745
0.0239936
0.0242307
0.0244857
0.0249878
0.0253738
0.0256698
0.0259549
0.0261109
0.0264479
0.0267309
0.0269859
0.00745875
0.00825082
0.0090079
0.00941898
0.00958403
0.00974907
0.0103552
0.0107483
0.0111504
0.0113335
0.0115615
0.0117985
0.0119545
0.0122006
0.0124107
0.0125937
0.0127588
0.0129418
0.0131428
0.0133169
0.013708
0.013927
0.0141551
0.0144011
0.0146472
0.0148482
0.0150583
0.0152413
0.0154604
0.0162455
0.0164915
0.0167285
0.0169475
0.0171666
0.0173496
0.0175686
0.0177787
0.0180517
0.0182708
0.0185078
0.0131724
0.0139775
0.0141335
0.0144415
0.0151496
0.0153327
0.0156148
0.0158428
0.0160169
0.0162089
0.0164009
0.016593
0.016857
0.0172391
0.0174581
0.0176481
0.0178671
0.0180592
0.0182152
0.0183712
0.0186443
0.0191194
0.0196665
0.0198705
0.0200745
0.0202846
0.0207646
0.0210316
0.0212417
0.0214247
0.0216437
0.0219977
0.0222557
0.0224568
0.0226128
0.0230308
0.0232499
0.0234239
0.0236609
0.023844
0.0240631
0.0252122
0.0255842
0.0258342
0.0261542
0.0263942
0.0265413
0.0267783
0.0270153
0.0272524
0.0275164
0.0277894
0.0279815
0.0290826
0.0308587
0.0318608
0.00754559
0.0079867
0.00838882
0.00854487
0.0089469
0.00927696
0.00958001
0.00973604
0.0102491
0.0106402
0.0108413
0.0111983
0.0117544
0.0119104
0.0120575
0.0122225
0.0126166
0.0130466
0.0132476
0.0134037
0.0137947
0.0140678
0.0142869
0.0145239
0.01489
0.015172
0.015328
0.0156011
0.0160032
0.0161502
0.0164233
0.0165883
0.0167803
0.0169544
0.0172364
0.0174014
0.0175665
0.0182835
0.0184306
0.0186946
0.0120822
0.0130913
0.0136054
0.0139895
0.0145026
0.0146586
0.0149467
0.0151597
0.0155827
0.0159788
0.0161618
0.0164738
0.0168829
0.017057
0.0174771
0.0177591
0.0181211
0.0185142
0.0187332
0.0189883
0.0192613
0.0194174
0.0195644
0.0199625
0.0202385
0.0205385
0.0207155
0.0209436
0.0211086
0.0213456
0.0216277
0.0218557
0.0220657
0.0222937
0.0224678
0.0228208
0.0230248
0.0232538
0.0234219
0.0242219
0.0245039
0.0247319
0.024951
0.025179
0.0254431
0.0256061
0.0258521
0.0260532
0.0262182
0.0264733
0.0267013
0.0269654
0.0272114
0.0274395
0.0276185
0.0284746
0.0064982
0.00707839
0.00849177
0.00866578
0.00888482
0.00916687
0.00937692
0.0100741
0.0102212
0.0103772
0.0105422
0.0107162
0.0111093
0.0116763
0.0119494
0.0122134
0.0123695
0.0125615
0.0127085
0.0129636
0.0132936
0.0135396
0.0141407
0.0145518
0.0149269
0.0151279
0.0152929
0.015458
0.015614
0.0158511
0.0160341
0.0162622
0.0164812
0.0167093
0.0169284
0.0171294
0.0177114
0.0179845
0.0181405
0.0195836
0.0162242
0.0170314
0.0177005
0.0182316
0.0191949
0.0207591
0.0209721
0.0212931
0.0214941
0.0217041
0.0225402
0.0227052
0.0229063
0.0231253
0.0234074
0.0235725
0.0238255
0.0240715
0.0244175
0.0248186
0.0250046
0.0252236
0.0253886
0.0255537
0.0257367
0.0259378
0.0262018
0.0264119
0.0267739
0.0269779
0.028054
0.028255
0.0285561
0.0287601
0.0289791
0.0292521
0.0294082
0.0296812
0.0298643
0.0300743
0.0303483
0.0305794
0.0307984
0.0309995
0.0312545
0.0315435
0.0317446
0.0319186
0.0321106
0.0325307
0.0327677
0.0330117
0.0331587
0.0333947
0.0335988
0.0341928
0.00861383
0.00897989
0.00984207
0.0100881
0.0103432
0.0107362
0.0109013
0.0110483
0.0113214
0.0115224
0.0117054
0.0119425
0.0121165
0.0122815
0.0125006
0.0128487
0.0130407
0.0132238
0.0136438
0.0138988
0.0142829
0.014556
0.014748
0.0150031
0.0152311
0.0155042
0.0157322
0.0159063
0.0166084
0.0167644
0.0169204
0.0171935
0.0173855
0.0175595
0.0177066
0.0179796
0.0181537
0.0183007
0.0185197
0.0187118
0.0107374
0.0123686
0.0129497
0.0135197
0.0136758
0.014483
0.0148041
0.0151792
0.0155632
0.0159203
0.0161663
0.0164123
0.0166854
0.0170875
0.0173155
0.0176555
0.0179406
0.0181056
0.0183326
0.0185816
0.0189187
0.0190957
0.0194857
0.0200447
0.0202668
0.0205038
0.0207048
0.0209779
0.0212239
0.0215299
0.021725
0.021962
0.022145
0.0223911
0.0225561
0.0227572
0.0230212
0.0231863
0.0233673
0.0235863
0.0238684
0.0240424
0.0242615
0.0244535
0.0247355
0.0248985
0.0250996
0.0253546
0.0255827
0.0258137
0.0261918
0.0264198
0.0266098
0.0268829
0.0271199
0.027624
0.0114154
0.0115985
0.0118265
0.0121476
0.0122946
0.0124417
0.0126157
0.0128437
0.0129998
0.0132368
0.0136479
0.0138579
0.0140589
0.014278
0.014461
0.0146981
0.0148991
0.0152742
0.0154303
0.0156763
0.0159313
0.0160964
0.0162884
0.0165435
0.0167716
0.0169726
0.0172097
0.0173747
0.0175667
0.0178397
0.0180138
0.0182598
0.0184879
0.018761
0.01898
0.0192261
0.0193911
0.0200181
0.0202012
0.0203932
0.0118143
0.0127675
0.0131875
0.0134066
0.0139836
0.0142207
0.0144308
0.0145778
0.0149889
0.015226
0.015418
0.0159221
0.0160962
0.0164993
0.0168043
0.0169904
0.0172004
0.0180385
0.0182036
0.0184586
0.0187316
0.0189957
0.0192057
0.0193617
0.0195988
0.0197548
0.0199108
0.0204758
0.0206499
0.0208509
0.0213099
0.021523
0.021702
0.021951
0.0222321
0.0224991
0.0226551
0.0229191
0.0231922
0.0233932
0.0236333
0.0239313
0.0248293
0.0251183
0.0253553
0.0256564
0.0259234
0.0260795
0.0263255
0.0265806
0.0267636
0.0270457
0.0272827
0.0275557
0.0277027
0.0279308
0.00602538
0.00891182
0.010207
0.0107092
0.0109102
0.0110932
0.0114143
0.0117983
0.0121194
0.0123834
0.0125575
0.0128036
0.0131426
0.0133257
0.0134998
0.0137638
0.0139378
0.0141839
0.014376
0.01476
0.0152171
0.0154541
0.0156281
0.0160292
0.0164682
0.0166152
0.0168253
0.0170263
0.0172994
0.0175005
0.0178666
0.0180946
0.0183676
0.0185867
0.0187967
0.0190337
0.0192527
0.0194088
0.0196908
0.0202129
0.00727186
0.0134797
0.0141259
0.0144559
0.0147119
0.014925
0.0155741
0.0159042
0.0162612
0.0164443
0.0168013
0.0169934
0.0172214
0.0174045
0.0176325
0.0178436
0.0180186
0.0185007
0.0187577
0.0191267
0.0196018
0.0200909
0.0202379
0.020674
0.020882
0.021165
0.0215971
0.0218791
0.0220441
0.0222232
0.0224092
0.0226282
0.0228022
0.0230392
0.0232313
0.0234683
0.0236244
0.0237804
0.0240085
0.0242455
0.0249526
0.0251176
0.0253726
0.0255826
0.0258557
0.0260027
0.0261497
0.0263508
0.0266058
0.0268339
0.0270799
0.027299
0.027613
0.027769
0.0279431
0.0286752
0.00850004
0.00933215
0.00972323
0.0101913
0.0104014
0.0105844
0.0109665
0.0114887
0.0117618
0.0119538
0.0121279
0.012458
0.01274
0.012986
0.0134251
0.0136081
0.0137642
0.0139382
0.0141392
0.0143313
0.0147244
0.0149704
0.0151444
0.0153544
0.0156275
0.0158555
0.0164586
0.0170376
0.0172476
0.0174127
0.0176317
0.0178777
0.0181148
0.0183878
0.0186249
0.018808
0.019036
0.0192191
0.0194651
0.0214931
0.00999352
0.0117236
0.014322
0.0145321
0.0147961
0.0152712
0.0155242
0.0157972
0.0159442
0.0161093
0.0162563
0.0165783
0.0168324
0.0169974
0.0172234
0.0173795
0.0176525
0.0179166
0.0181716
0.0183636
0.0186187
0.0188927
0.0191327
0.0192798
0.0194718
0.0196368
0.0200359
0.0202579
0.0204639
0.0206499
0.020903
0.021185
0.0213681
0.0215151
0.0217972
0.0220792
0.0222263
0.0225083
0.0227904
0.0230545
0.0233095
0.0242215
0.0243685
0.0246325
0.0249006
0.0251226
0.0254046
0.0256317
0.0258447
0.0260637
0.0262648
0.0265018
0.0266759
0.0268859
0.0270869
0.027243
0.00585752
0.00810704
0.00851811
0.0094073
0.00967133
0.00984535
0.0100914
0.0106135
0.0108416
0.0109976
0.0111807
0.0113367
0.0115018
0.0117298
0.0118769
0.0120329
0.0124679
0.012898
0.013063
0.0132641
0.0136031
0.0138492
0.0140142
0.0142512
0.0145153
0.0147883
0.0149533
0.0151184
0.0153194
0.0155655
0.0157216
0.0159046
0.0161236
0.0163967
0.0165437
0.0166908
0.0169098
0.0170839
0.0172669
0.017816
0.0115324
0.0127705
0.0134127
0.0138237
0.0143728
0.0149199
0.015478
0.0156971
0.0158981
0.0163162
0.0165893
0.0168354
0.0170364
0.0172645
0.0176425
0.0179365
0.0181745
0.0183605
0.0186426
0.0187986
0.0190546
0.0192856
0.0195137
0.0196787
0.0199607
0.0201618
0.0205448
0.0207279
0.0214349
0.0216889
0.021929
0.022121
0.0222771
0.0225681
0.0227361
0.0229461
0.0231832
0.0234292
0.0236573
0.0239033
0.0241133
0.0243053
0.0247414
0.0250234
0.0253054
0.0255875
0.0258565
0.0262295
0.0264425
0.0266795
0.0268356
0.0270636
0.0273286
0.0276047
0.0278328
0.0285858
0.00656829
0.00742551
0.00889192
0.00923999
0.0095791
0.00993622
0.0101643
0.0104283
0.0108484
0.0112685
0.0114335
0.0115986
0.0117456
0.0118927
0.0122857
0.0125407
0.0127687
0.0129518
0.0136948
0.0140788
0.0143519
0.0146069
0.0148169
0.014991
0.015192
0.0153931
0.0156571
0.0158851
0.0161042
0.0163502
0.0165603
0.0167074
0.0169535
0.0171995
0.0173556
0.0175116
0.0176767
0.0179227
0.0180878
0.0187178
0.0100121
0.0103222
0.0112093
0.0114673
0.0120104
0.0123574
0.0130945
0.0134876
0.0143128
0.0144689
0.0147989
0.015202
0.015397
0.015544
0.0160931
0.0164511
0.0166792
0.0168442
0.0171263
0.0172823
0.0179484
0.0188704
0.0190985
0.0193625
0.0195186
0.0197736
0.0200016
0.0202696
0.0205196
0.0206877
0.0209247
0.0211348
0.0212908
0.0215548
0.0217019
0.0221219
0.02235
0.022594
0.022813
0.022969
0.0232861
0.0235081
0.0237611
0.0239891
0.0242262
0.0244813
0.0247093
0.0248654
0.0250124
0.0251774
0.0254974
0.0257194
0.0259165
0.0264775
0.0272006
0.0282567
0.00639529
0.00818476
0.0083678
0.00883689
0.00898395
0.00963001
0.0100411
0.0103981
0.0107102
0.0110222
0.0111693
0.0113163
0.0115263
0.0119794
0.0124455
0.0129425
0.0133366
0.0135466
0.0142817
0.0147138
0.0149508
0.0151248
0.0155429
0.015825
0.016236
0.0164461
0.0166381
0.0168482
0.0170942
0.0172863
0.0174603
0.0176704
0.0178894
0.0181354
0.0183005
0.0184745
0.0186486
0.0188767
0.0194497
0.0195968
0.0144737
0.0154019
0.015845
0.016155
0.016431
0.0167131
0.0170971
0.0175082
0.0177813
0.0179283
0.0182014
0.0184454
0.0186014
0.0187574
0.0189585
0.0193155
0.0195795
0.0198076
0.0204576
0.0206677
0.0209657
0.0211947
0.0214617
0.0217078
0.0219448
0.0221999
0.0224739
0.0227589
0.0229419
0.023362
0.023599
0.0237641
0.0239111
0.0241171
0.0243901
0.0246092
0.0248402
0.0250893
0.0254193
0.0256204
0.0258754
0.0261874
0.0263645
0.0265745
0.0267485
0.0269136
0.0270606
0.0273066
0.0274897
0.0277717
0.0281718
0.0283998
0.0286008
0.0293299
0.0295609
0.0298279
0.00746868
0.00777173
0.00845897
0.0090151
0.00917115
0.00998835
0.0103904
0.0106004
0.0111225
0.0114346
0.0116716
0.0118727
0.0128677
0.0132878
0.0136719
0.0138819
0.014056
0.014212
0.014494
0.0148151
0.0149801
0.0152082
0.0153822
0.0155922
0.0158293
0.0159944
0.0161594
0.0164235
0.0166425
0.0167896
0.0169727
0.0171647
0.0175668
0.0177408
0.0179599
0.0182059
0.0188869
0.019124
0.019307
0.019481
0.0130635
0.0135586
0.0139787
0.0143357
0.0148288
0.0149758
0.0153329
0.0154979
0.0158549
0.0160199
0.0165
0.016722
0.0170791
0.0172801
0.0176822
0.0180753
0.0184043
0.0186694
0.0190984
0.0195184
0.0198895
0.0201445
0.0203546
0.0205826
0.0208557
0.0211197
0.0213027
0.0214768
0.0217718
0.0219848
0.0221769
0.0224169
0.0226209
0.0228579
0.023041
0.023215
0.023416
0.0235811
0.0239021
0.0241482
0.0251902
0.0254093
0.0257123
0.0258713
0.0261514
0.0264244
0.0266284
0.0268594
0.0271234
0.0274124
0.0276855
0.0278865
0.0280426
0.0282346
0.0283997
0.0309138
0.00544725
0.00588041
0.00715574
0.00797193
0.00844898
0.00875905
0.00915213
0.00954318
0.0108104
0.0111765
0.0115155
0.0116896
0.0119086
0.0122297
0.0124757
0.0127218
0.0129498
0.0131599
0.0134059
0.013652
0.013934
0.0141081
0.0142642
0.0144922
0.0147472
0.0149303
0.0151403
0.0153054
0.0155784
0.0157614
0.0161545
0.0163015
0.0166136
0.0173287
0.0176017
0.0177938
0.0180128
0.0182588
0.0184779
0.0186339
0.0129107
0.0140858
0.0143229
0.0144879
0.0146979
0.014854
0.015028
0.015211
0.0156111
0.0158211
0.0160312
0.0162052
0.0164512
0.0168173
0.0170633
0.0173094
0.0175914
0.0177834
0.0179485
0.0182785
0.0184825
0.0187626
0.0192126
0.0194887
0.0197527
0.0198997
0.0201818
0.0203648
0.0206588
0.0208269
0.0210099
0.0213239
0.021696
0.021873
0.022056
0.0222931
0.0224761
0.0226482
0.0228942
0.0230682
0.0233323
0.0235423
0.0238304
0.0239984
0.0242764
0.0245405
0.0250385
0.0253145
0.0260815
0.0262826
0.0265376
0.0267656
0.0269127
0.0270688
0.0273508
0.0294689
0.00890026
0.0091283
0.00932935
0.00988553
0.0101046
0.0113817
0.0115557
0.0117837
0.0121948
0.0124049
0.0126689
0.012834
0.013107
0.013281
0.0135541
0.0137371
0.0139382
0.0141932
0.0146253
0.0147723
0.0152974
0.0154894
0.0156455
0.0159005
0.0161196
0.0163206
0.0165127
0.0167407
0.0169058
0.0171068
0.0173348
0.0175179
0.0176739
0.0179109
0.018166
0.018322
0.0185231
0.0187332
0.0188982
0.0194293
0.010166
0.0113552
0.0127785
0.0137976
0.0139536
0.0141547
0.0143377
0.0148778
0.0150519
0.015739
0.0159221
0.0161502
0.0163062
0.0164803
0.0168013
0.0170763
0.0176444
0.0178094
0.0181395
0.0183315
0.0185415
0.0187785
0.0189935
0.0192686
0.0194996
0.0197366
0.0199016
0.0200487
0.0202858
0.0206828
0.0210168
0.0217879
0.0220589
0.0223139
0.0225689
0.022752
0.022899
0.0231541
0.0233911
0.0235561
0.0238442
0.0241072
0.0243832
0.0246532
0.0251243
0.0253283
0.0256013
0.0258383
0.0259944
0.0262404
0.0264054
0.0269455
0.0271646
0.0277736
0.0279566
0.0282206
0.00190517
0.00308853
0.00817966
0.00945184
0.010086
0.0102961
0.0105511
0.0110442
0.0112452
0.0114102
0.0116563
0.0120394
0.0125984
0.0128445
0.0130995
0.0132466
0.0134206
0.0135946
0.0137597
0.0139068
0.0141348
0.0143539
0.0147739
0.01493
0.015185
0.01544
0.0159261
0.0162502
0.0164512
0.0166972
0.0168532
0.0170543
0.0173183
0.0174653
0.0176664
0.0178764
0.0181585
0.0184315
0.0185786
0.0188516
0.0095039
0.0123272
0.0125492
0.0128382
0.0132782
0.0135232
0.0140134
0.0144485
0.0146345
0.0151926
0.0156767
0.0161107
0.0163208
0.0166908
0.0168768
0.0171048
0.0173869
0.0175969
0.017825
0.0181551
0.0183921
0.0186111
0.0188481
0.0189952
0.0191692
0.0195403
0.0197503
0.0199334
0.0201884
0.0203715
0.0205275
0.0208455
0.0211395
0.0212956
0.0215416
0.0217696
0.0219887
0.0221807
0.0223728
0.0226008
0.0228898
0.0231178
0.0233549
0.0236099
0.023856
0.024564
0.0248371
0.0250651
0.0252301
0.0254402
0.0257222
0.0260192
0.0262502
0.0265053
0.0266884
0.0269344
0.00236612
0.00981866
0.00996571
0.0109429
0.0112999
0.011474
0.011747
0.0120591
0.0122871
0.0125242
0.0127702
0.0130163
0.0132173
0.0134724
0.0136824
0.0139285
0.0141025
0.0143035
0.0146786
0.0148526
0.0150717
0.0153927
0.0156207
0.0158848
0.0161039
0.0163859
0.016614
0.0167701
0.0170251
0.0171901
0.0174272
0.0177003
0.0183523
0.0185083
0.0187364
0.0189104
0.0191204
0.0193215
0.0194685
0.0197505
0.0131919
0.013862
0.0140811
0.0142281
0.0154963
0.0157993
0.0160184
0.0163664
0.0167844
0.0169404
0.0171955
0.0173696
0.0176246
0.0178076
0.0180087
0.0182347
0.0183817
0.0187747
0.0191048
0.0194709
0.0196629
0.020056
0.020248
0.0204581
0.0206591
0.0209052
0.0211512
0.0213613
0.0215443
0.0218173
0.0220724
0.0223544
0.0226445
0.0232935
0.0234925
0.0237206
0.0239126
0.0241586
0.0243236
0.0244977
0.0248487
0.0251427
0.0253618
0.0256878
0.0259958
0.0261969
0.0265609
0.027472
0.027816
0.02819
0.02843
0.028822
0.029107
0.0293441
0.0294912
0.0362582
0.00578582
0.00821417
0.00877528
0.00893134
0.00917742
0.00957052
0.00976254
0.0101376
0.0103116
0.0108608
0.0110258
0.0111729
0.0113829
0.0115389
0.011749
0.011923
0.0121061
0.0122801
0.0124362
0.0126282
0.0127843
0.0129764
0.0132044
0.0133784
0.0135704
0.0137985
0.0140445
0.0142456
0.0145096
0.0147917
0.0149927
0.0153957
0.0158008
0.0160018
0.0162029
0.0163499
0.016497
0.01668
0.0168901
0.0170821
0.0121463
0.0131015
0.0137326
0.0142167
0.0144358
0.0148289
0.01525
0.015619
0.0162641
0.0164412
0.0165882
0.0168162
0.0170353
0.0172003
0.0175214
0.0177945
0.0182305
0.0185036
0.0187366
0.0190306
0.0192947
0.0195587
0.0198137
0.0200508
0.0201978
0.0205218
0.0207888
0.0210258
0.0212539
0.0214909
0.021656
0.022017
0.022512
0.022671
0.0232131
0.0242841
0.0245481
0.0248032
0.0250582
0.0252412
0.0255053
0.0256703
0.0258263
0.0259824
0.0261474
0.0264534
0.0267474
0.0269304
0.0271495
0.0273055
0.0275336
0.0277396
0.0278866
0.0280876
0.0282527
0.0285967
0.011861
0.0121071
0.0123081
0.0124912
0.0127192
0.0129653
0.0131663
0.0133674
0.0135414
0.0137695
0.0139435
0.0141266
0.0143006
0.0144566
0.0147296
0.0148767
0.0150868
0.0152338
0.0154618
0.0157169
0.015936
0.0161821
0.0163471
0.0165571
0.0167312
0.0169412
0.0171153
0.0172623
0.0174183
0.0176643
0.0179104
0.0181744
0.0184205
0.0186305
0.0189035
0.0191046
0.0193416
0.0195247
0.0197707
0.0199898
0.0132138
0.0134418
0.0136208
0.0138158
0.0140709
0.0143079
0.014473
0.014746
0.015028
0.0153311
0.0155682
0.0157332
0.0161443
0.0163003
0.0165463
0.0168674
0.0170955
0.0173505
0.0175885
0.0179485
0.0181226
0.0186177
0.0189457
0.0191588
0.0193868
0.0196399
0.0198229
0.0199699
0.0201619
0.020472
0.020658
0.020886
0.021067
0.0214041
0.0216711
0.0218451
0.0221272
0.0223103
0.0225743
0.0236193
0.0238893
0.0241654
0.0243304
0.0246035
0.0248315
0.0250775
0.0252876
0.0254826
0.0257406
0.0259777
0.0261787
0.0264608
0.0266708
0.0268359
0.0270729
0.0272649
0.00918609
0.00950718
0.0100322
0.0102243
0.0106383
0.0108843
0.0115754
0.0122896
0.0125537
0.0127007
0.0129377
0.0131207
0.0133128
0.0134958
0.0137328
0.0138978
0.0142889
0.014499
0.014781
0.0150541
0.0153091
0.0155372
0.0157022
0.0158582
0.0160413
0.0162603
0.0164794
0.0166265
0.0168275
0.0170466
0.0172296
0.0174577
0.0177127
0.0179498
0.0181868
0.0188948
0.0191049
0.0192609
0.019462
0.0201491
0.0127385
0.0134606
0.0142479
0.0144219
0.01477
0.015073
0.0157601
0.0160062
0.0161982
0.0164263
0.0166093
0.0168283
0.0171304
0.0173704
0.0177365
0.0179465
0.0182105
0.0184476
0.0185947
0.0187417
0.0188978
0.0191348
0.0195849
0.0197439
0.0206149
0.0208789
0.021116
0.021374
0.021614
0.021885
0.0221491
0.0223231
0.0225781
0.0228451
0.0230851
0.0233671
0.0236222
0.0237782
0.0240702
0.0242742
0.0245473
0.0247663
0.0250394
0.0253034
0.0254865
0.0256335
0.0258166
0.0259816
0.0262547
0.0265367
0.0267377
0.0269208
0.0271938
0.0274458
0.0277719
0.0279939
0.00746671
0.00762275
0.00925893
0.00946897
0.00993804
0.0103491
0.0104962
0.0108443
0.0110274
0.0112644
0.0114835
0.0116395
0.0125076
0.0127807
0.0129637
0.0131198
0.0133748
0.0135309
0.0136959
0.013915
0.014089
0.0143351
0.0145991
0.0150021
0.0153442
0.0155182
0.0159203
0.0162023
0.0163674
0.0165684
0.0168505
0.0171325
0.0173876
0.0176336
0.0178526
0.0180717
0.0182277
0.0184378
0.0190679
0.0209519
0.00865683
0.0111723
0.0113194
0.0120615
0.0122805
0.0129456
0.0135438
0.0140278
0.0145679
0.015072
0.015345
0.0155741
0.0157781
0.0159701
0.0161172
0.0165282
0.0169803
0.0172383
0.0174754
0.0176864
0.0178995
0.0181095
0.0184845
0.0195106
0.0202407
0.0208297
0.0210037
0.0211598
0.0214419
0.0217239
0.021925
0.022072
0.022327
0.0225551
0.0227111
0.0233571
0.0236431
0.0239011
0.0240932
0.0243212
0.0246032
0.0249113
0.0250793
0.0252893
0.0255444
0.0257814
0.0259644
0.0262444
0.0264095
0.0266195
0.0268115
0.0269906
0.0276116
0.0290237
0.0305298
0.0326259
0.00910914
0.00943922
0.0095953
0.00990742
0.0103915
0.0105745
0.0109046
0.0111506
0.0113336
0.0117177
0.0119367
0.0122008
0.0124828
0.0128669
0.013122
0.01335
0.0136321
0.0138961
0.0140432
0.0142442
0.0145383
0.0147033
0.0148864
0.0150874
0.0156095
0.0157836
0.0160566
0.0162127
0.0164857
0.0174968
0.0176889
0.0179349
0.018082
0.018283
0.018511
0.0187841
0.0190481
0.0192492
0.0194232
0.0196603
0.014799
0.015474
0.0159781
0.0163351
0.0164981
0.0167441
0.0169272
0.0171642
0.0177323
0.0179424
0.0181754
0.0184514
0.0186705
0.0188265
0.0192446
0.0194907
0.0196467
0.0198737
0.0200327
0.0202878
0.0204798
0.0206899
0.0208729
0.021248
0.021608
0.021866
0.022022
0.0223041
0.0225141
0.0227331
0.0229972
0.0233502
0.0235272
0.0237993
0.0240843
0.0242493
0.0244233
0.0246244
0.0248434
0.0250714
0.0253355
0.0255145
0.0257966
0.0270177
0.0273897
0.0276297
0.0278488
0.0281128
0.0285719
0.0288479
0.0291589
0.029417
0.029681
0.0299541
0.0306621
0.0308632
0.0094044
0.00964144
0.00991449
0.0105036
0.0107227
0.0109867
0.0112148
0.0114608
0.0116799
0.0118809
0.012154
0.0126581
0.0128231
0.0130781
0.0133242
0.0135432
0.0137533
0.0140083
0.0141914
0.0143564
0.0148674
0.0150865
0.0152965
0.0154976
0.0156896
0.0158547
0.0162217
0.0163778
0.0168008
0.0170199
0.0172119
0.017368
0.017632
0.0177971
0.0180431
0.0182531
0.0184452
0.0186282
0.0187752
0.0202273
0.0140851
0.0144872
0.0147243
0.0149163
0.0151453
0.0153743
0.0155304
0.0158034
0.0159504
0.0161965
0.0163795
0.0165266
0.0167546
0.0169017
0.0172847
0.0178508
0.0180338
0.0182619
0.0184179
0.0186099
0.018827
0.019189
0.019465
0.0199201
0.0202051
0.0204781
0.0207902
0.0210542
0.0213002
0.0218233
0.0219793
0.0225703
0.0228243
0.0230914
0.0232834
0.0234305
0.0236385
0.0238935
0.0240405
0.0242596
0.0244156
0.0246257
0.0249207
0.0252147
0.0254878
0.0257338
0.0258809
0.026087
0.026273
0.026495
0.026681
0.0268641
0.0270111
0.0271671
0.0273771
0.0276051
0.00926761
0.0105607
0.0107077
0.0108908
0.0112658
0.0115299
0.0117399
0.0119679
0.01225
0.0123971
0.0126701
0.0128891
0.0131622
0.0133452
0.0135372
0.0137563
0.0139573
0.0141674
0.0143594
0.0146324
0.0147975
0.0150075
0.0152266
0.0154996
0.0156467
0.0159108
0.0161748
0.0164118
0.0166129
0.0168049
0.0170779
0.017351
0.0175791
0.0178161
0.0180712
0.0183442
0.0184913
0.0186743
0.0189114
0.0194784
0.0159999
0.017389
0.0178651
0.0182701
0.0184621
0.0186722
0.0188552
0.0190202
0.0193863
0.0196894
0.0203545
0.0205375
0.0206846
0.0208856
0.0210777
0.0213417
0.0215638
0.0217228
0.0219908
0.0225259
0.0233259
0.023527
0.024033
0.0242251
0.0246791
0.0248442
0.0250432
0.0252982
0.0255263
0.0261213
0.0263613
0.0266344
0.0269054
0.0272404
0.0274625
0.0276095
0.0278825
0.0281556
0.0283026
0.0285806
0.0287546
0.0289467
0.0292107
0.0298728
0.0301008
0.0304358
0.0306758
0.0309039
0.0310869
0.031279
0.03155
0.031912
0.032107
0.0323531
0.0325001
0.0327552
0.00273596
0.00605771
0.00620475
0.00813835
0.00848642
0.00883447
0.00935457
0.0095286
0.0100487
0.0101958
0.0107359
0.011
0.011192
0.0114111
0.0119422
0.0125342
0.0127893
0.0130353
0.0132273
0.0133833
0.0135304
0.0137225
0.0139955
0.0142505
0.0145326
0.0146887
0.0148987
0.0151537
0.0153188
0.0154928
0.0158389
0.0160579
0.016241
0.01646
0.0166971
0.0168981
0.0171172
0.0173093
0.0175013
0.0181584
0.0109356
0.0110826
0.0116726
0.0119947
0.0126468
0.014185
0.0145601
0.0153942
0.0155413
0.0157513
0.0159074
0.0160544
0.0163185
0.0164925
0.0170556
0.0172146
0.0174967
0.0177157
0.0180368
0.0182468
0.0185249
0.0186929
0.0188489
0.019122
0.0192871
0.0196891
0.0199922
0.0202112
0.0204482
0.0207033
0.0211513
0.0217043
0.0236863
0.0239234
0.0241334
0.0244115
0.0246935
0.0248405
0.0251046
0.0252696
0.0255286
0.0258596
0.0262176
0.0264577
0.0266857
0.0268687
0.0270698
0.0273338
0.0277118
0.0279878
0.0282608
0.0284709
0.0286809
0.0289539
0.0291729
0.029392
0.00957517
0.0100623
0.0102723
0.0109595
0.0113346
0.0115086
0.0116556
0.0118477
0.0121117
0.0123938
0.0125408
0.0127059
0.0129159
0.0131259
0.013354
0.0137021
0.0139302
0.0141942
0.0143413
0.0145963
0.0148063
0.0149804
0.0151995
0.0153825
0.0157376
0.0159206
0.0161306
0.0164036
0.0166677
0.0168687
0.0170428
0.0172888
0.0179048
0.0181868
0.0184599
0.0186879
0.018952
0.019126
0.019318
0.0201312
0.0116856
0.0118597
0.0125128
0.0132319
0.013379
0.013752
0.014055
0.0144241
0.0151122
0.0155223
0.0157083
0.0159893
0.0162974
0.0166764
0.0168624
0.0170635
0.0172265
0.0176285
0.0179016
0.0180486
0.0181956
0.0183877
0.0185527
0.0187537
0.0189458
0.0192848
0.0204989
0.0206549
0.020847
0.021129
0.0213481
0.0215311
0.0216962
0.0219412
0.0221182
0.0223242
0.0225793
0.0228253
0.0230084
0.0232555
0.0234865
0.0238885
0.0241346
0.0243086
0.0245187
0.0250907
0.0252378
0.0254298
0.0256489
0.0259319
0.0262079
0.026461
0.026707
0.027325
0.0275441
0.0290231
0.00772605
0.0079001
0.00861422
0.00877028
0.00929037
0.00956342
0.00979145
0.0103386
0.0114267
0.0117838
0.0120119
0.012369
0.012588
0.0128341
0.0132542
0.0135272
0.0137102
0.0139293
0.0145573
0.0147314
0.0148874
0.0151155
0.0152895
0.0155716
0.0162376
0.0164656
0.0167477
0.0170027
0.0171858
0.0174228
0.0176959
0.0178969
0.0181159
0.018272
0.018545
0.0187731
0.0190011
0.0192381
0.0204382
0.0220253
0.00898723
0.00916128
0.00931734
0.0107747
0.013144
0.013309
0.0136571
0.0138941
0.0140862
0.0146243
0.0149544
0.0153114
0.0155935
0.0157495
0.0160575
0.0162615
0.0164896
0.0166367
0.0168467
0.0171857
0.0173688
0.0178058
0.0181318
0.0185008
0.0188219
0.0190859
0.01935
0.019542
0.0197791
0.0211431
0.0214412
0.0216422
0.0218692
0.0220912
0.0223752
0.0226063
0.0227533
0.0229634
0.0232844
0.0234495
0.0237085
0.0238855
0.0240505
0.0242246
0.0244526
0.0247317
0.0248907
0.0251127
0.0253438
0.0255628
0.0257909
0.0259469
0.0261299
0.0263939
0.026649
0.02761
0.00982532
0.0102874
0.0106535
0.0108096
0.0110826
0.0112296
0.0115777
0.0117518
0.0119168
0.0123189
0.0125199
0.012676
0.012877
0.013264
0.0136331
0.0138702
0.0140802
0.0143352
0.0145723
0.0148183
0.0149833
0.0152294
0.0154034
0.0156855
0.0158325
0.0162526
0.0164986
0.0167807
0.0169727
0.0171917
0.0174648
0.0176568
0.0178759
0.018095
0.018368
0.018596
0.0187431
0.0189261
0.0197372
0.0203403
0.0115527
0.0119168
0.0120998
0.0124029
0.0131051
0.0138452
0.0140102
0.0143762
0.0148993
0.0158875
0.0162035
0.0165815
0.0168126
0.0169986
0.0172176
0.0173986
0.0175457
0.0177647
0.0179748
0.0181488
0.0183588
0.0185958
0.0187429
0.0191329
0.0194779
0.019763
0.020412
0.0208141
0.0218581
0.0220052
0.0221972
0.0223532
0.0226173
0.0228723
0.0230193
0.0232204
0.0234574
0.0236404
0.0238055
0.0240695
0.0243155
0.0244716
0.0246906
0.0248377
0.0249937
0.0252217
0.0254858
0.0256778
0.0258699
0.0262029
0.0264099
0.0266229
0.02691
0.028557
0.029223
0.0312011
0.00419444
0.00530475
0.00578181
0.00623289
0.0075772
0.00776023
0.00822834
0.00876841
0.00896945
0.00961863
0.0097837
0.011897
0.0122811
0.0124911
0.0127372
0.0129922
0.0131933
0.0134753
0.0137394
0.0140034
0.0141864
0.0143784
0.0145345
0.0149546
0.0152096
0.0155847
0.0157587
0.0160137
0.0162238
0.0164518
0.0166439
0.0168089
0.0170369
0.0172379
0.017466
0.017694
0.0184471
0.0186841
0.0188672
0.0190142
0.0104625
0.0114577
0.013277
0.013528
0.013777
0.0141071
0.0148131
0.0151622
0.0153362
0.0156072
0.0159913
0.0163843
0.0165674
0.0170775
0.0180046
0.0184066
0.0185807
0.0187908
0.0190459
0.0193099
0.019631
0.0200311
0.0202591
0.0205491
0.0207741
0.0209872
0.0212602
0.0214162
0.0216082
0.0217913
0.0224793
0.0226653
0.0228934
0.0231124
0.0233134
0.0235685
0.0237605
0.0239256
0.0242476
0.0244426
0.0246076
0.0249477
0.0252057
0.0253977
0.0256797
0.0258268
0.0260638
0.0262378
0.0265178
0.0269019
0.0270849
0.0275039
0.02769
0.0278461
0.0283921
0.0286381
0.00748302
0.00779512
0.00804116
0.00839627
0.00855232
0.00889139
0.00906545
0.00930248
0.00955751
0.00990558
0.0100976
0.0103436
0.0104907
0.0108997
0.0111007
0.0112928
0.0115658
0.0118479
0.0120759
0.012295
0.012478
0.0130271
0.0132911
0.0135552
0.0137112
0.0139573
0.0141313
0.0143414
0.0146234
0.0147795
0.0150615
0.0152716
0.0158516
0.0160167
0.0162808
0.0165538
0.0168359
0.0170729
0.01731
0.017565
0.00955419
0.0102053
0.0114815
0.0121686
0.0134758
0.0136769
0.014217
0.014454
0.014601
0.0148651
0.0156211
0.0158672
0.0161223
0.0163053
0.0165163
0.0167023
0.0172245
0.0173985
0.0175545
0.0177375
0.0180675
0.0183206
0.0186046
0.0188896
0.0190996
0.0192827
0.0195557
0.0220347
0.0223168
0.0225628
0.0228088
0.0230909
0.0233009
0.0235649
0.023793
0.0240121
0.0241861
0.0243492
0.0246472
0.0248212
0.0251633
0.0253223
0.0255413
0.0257063
0.0260664
0.0262434
0.0264805
0.0267175
0.0269095
0.0270566
0.0273356
0.0276406
0.0278536
0.0280996
0.0282917
0.0284637
0.00685787
0.0076181
0.00814019
0.00894537
0.00917342
0.00932946
0.00997167
0.0108457
0.0110017
0.0111758
0.0113318
0.0115059
0.011653
0.012037
0.012301
0.0126491
0.0129132
0.0136212
0.0138673
0.0140953
0.0142694
0.0145064
0.0147345
0.0149985
0.0152355
0.0154726
0.0157366
0.0159017
0.0160577
0.0162858
0.0165228
0.0166968
0.0168709
0.0170449
0.017237
0.01742
0.0176481
0.0178852
0.0181042
0.0183322
0.0135058
0.0137429
0.0138899
0.014037
0.0147521
0.0150553
0.0154553
0.0160044
0.0161874
0.0163975
0.0165925
0.0168415
0.0172616
0.0176546
0.0181407
0.0185338
0.0188078
0.0189938
0.0191858
0.0198829
0.020247
0.020462
0.0208101
0.0212201
0.0215851
0.0218701
0.0221341
0.0223802
0.0226262
0.0229203
0.0230943
0.0232414
0.0234604
0.0236884
0.0247825
0.0250375
0.0252116
0.0254216
0.0256857
0.0259137
0.0260967
0.0262618
0.0265708
0.0267838
0.0269489
0.0271859
0.0274639
0.0277579
0.02795
0.028142
0.0283971
0.0285981
0.0287631
0.0290082
0.0292032
0.0310883
0.0090251
0.00924414
0.00958319
0.00980225
0.0101774
0.0103514
0.0105525
0.0109095
0.0113296
0.0115307
0.0117677
0.0120317
0.0122868
0.0125329
0.0127879
0.013422
0.013614
0.013797
0.0140911
0.0143461
0.0146191
0.0148112
0.0150752
0.0153573
0.0156393
0.0158674
0.0161404
0.0163504
0.0164975
0.0166715
0.0168186
0.0170826
0.0172387
0.0174847
0.0177128
0.0179408
0.0181779
0.0183249
0.0185619
0.0190749
0.0115642
0.0126994
0.0128555
0.0130745
0.0138647
0.0143698
0.0146338
0.0149069
0.0150989
0.015264
0.015411
0.0156121
0.0157861
0.0159602
0.0163532
0.0165002
0.0167872
0.0169643
0.0171293
0.0181093
0.0182564
0.0184194
0.0187154
0.0189704
0.0193365
0.0195825
0.0199395
0.0201946
0.0204486
0.0207246
0.0208717
0.0212557
0.0217598
0.0220059
0.0222779
0.0225629
0.022827
0.023026
0.0232
0.023554
0.023758
0.0240131
0.0242141
0.0244151
0.0245892
0.0248602
0.0250522
0.0252353
0.0254993
0.0257713
0.0269314
0.0272804
0.0275025
0.0276585
0.0278145
0.0279616
0.0039112
0.00888724
0.0097303
0.0101504
0.0103965
0.0106155
0.0107895
0.0110266
0.0113926
0.0118127
0.0119957
0.0122508
0.0127978
0.0132
0.013612
0.0143242
0.0145163
0.0147623
0.0149363
0.0151464
0.0154104
0.0156565
0.0158935
0.0161036
0.0163856
0.0166316
0.0168236
0.0170877
0.0172617
0.0175438
0.0177268
0.0179008
0.0181649
0.0184379
0.0185849
0.018768
0.019041
0.0197791
0.0199802
0.0205563
0.0114066
0.0125628
0.0135449
0.013986
0.014154
0.0143101
0.0147341
0.0151272
0.0152922
0.0160193
0.0161934
0.0165864
0.0168235
0.0169705
0.0173556
0.0175746
0.0180697
0.0184268
0.0186278
0.0188378
0.0190478
0.0192378
0.0195008
0.0197229
0.0201249
0.0204579
0.02068
0.020836
0.021019
0.0212111
0.0214761
0.0219722
0.0222302
0.0224222
0.0226322
0.0229463
0.0231563
0.0233353
0.0235903
0.0237824
0.0245955
0.0249515
0.0252395
0.0254256
0.0256536
0.0259356
0.0261906
0.0264007
0.0266377
0.0269017
0.0272228
0.0274779
0.0277239
0.0279609
0.028655
0.0292221
0.00794203
0.00819707
0.00873517
0.00890019
0.00931125
0.00972329
0.0101434
0.0103264
0.0105544
0.0107014
0.0112305
0.0115495
0.0118315
0.0121616
0.0124166
0.0126537
0.0128277
0.0131097
0.0132658
0.0134939
0.014271
0.014472
0.0147541
0.0150272
0.0152282
0.0154473
0.0156213
0.0159034
0.0160954
0.0163595
0.0165515
0.0167076
0.0169806
0.0172446
0.0174727
0.0176197
0.0178388
0.0180578
0.0183309
0.018496
0.0100159
0.0122764
0.0128345
0.0133117
0.0137888
0.0140928
0.0144799
0.0146809
0.014846
0.015111
0.0153241
0.0156431
0.0158381
0.0160661
0.0164862
0.0167682
0.0172023
0.0174063
0.0176433
0.0180374
0.0182864
0.0185754
0.0188484
0.0189955
0.0191876
0.0194156
0.0197116
0.0199937
0.0202307
0.0203777
0.0214128
0.0215778
0.0217818
0.0219678
0.0222138
0.0223968
0.0225529
0.0227359
0.022937
0.023207
0.023393
0.023558
0.0237861
0.0239421
0.0241702
0.0244522
0.0246443
0.0248683
0.0251463
0.0253233
0.0255334
0.0257344
0.0260074
0.0261545
0.0264006
0.0266016
0.00743978
0.00851805
0.00901118
0.00928421
0.00944026
0.00967731
0.00983335
0.0100614
0.0102444
0.0104545
0.0111406
0.0115427
0.0116898
0.0119538
0.0122089
0.0123649
0.012548
0.012704
0.0130701
0.0132801
0.0137582
0.0141783
0.0143253
0.0145713
0.0147723
0.0150003
0.0156324
0.0163535
0.0166355
0.0168456
0.0170556
0.0173377
0.0176107
0.0178118
0.0180309
0.0183129
0.0185229
0.019153
0.02137
0.0230831
0.00789003
0.0107255
0.0108905
0.0110736
0.0116347
0.0123978
0.0127988
0.0131959
0.014288
0.0146631
0.0149912
0.0153842
0.0159243
0.0160894
0.0162364
0.0176205
0.0180576
0.0183126
0.0186427
0.0188527
0.0190538
0.0192998
0.0200059
0.0206409
0.0208179
0.021091
0.0214121
0.0216221
0.0217962
0.0220242
0.0223062
0.0225982
0.0228023
0.0230573
0.0232583
0.0235133
0.0236964
0.0238704
0.0241105
0.0243865
0.0246235
0.0248605
0.0251156
0.0253166
0.0254997
0.0257457
0.0260277
0.0262558
0.0265288
0.0268108
0.0270479
0.0271949
0.027448
0.02764
0.027895
0.0286061
0.00559648
0.00584659
0.00779207
0.00794811
0.00828724
0.00844328
0.00877338
0.00901943
0.00956049
0.00979753
0.0106948
0.0108869
0.0110519
0.011472
0.011637
0.011829
0.0120841
0.0122491
0.0128392
0.0130042
0.0131782
0.0133253
0.0134993
0.0137273
0.0139734
0.0141564
0.0143664
0.0145765
0.0147505
0.0149156
0.0151436
0.0153267
0.0155097
0.0156568
0.0158038
0.0159599
0.0161699
0.016371
0.0166171
0.0168812
0.0108753
0.0114284
0.0117945
0.0139878
0.0144198
0.0147019
0.0150859
0.015332
0.015644
0.0159721
0.0161641
0.0163472
0.0166292
0.0168213
0.0173683
0.0175513
0.0179694
0.0183724
0.0185564
0.0187844
0.0190515
0.0194295
0.0196755
0.0199216
0.0201496
0.0204047
0.0207737
0.0209778
0.0212058
0.0213529
0.0215449
0.021755
0.022014
0.023636
0.023912
0.02414
0.0243501
0.0245781
0.0248331
0.0250072
0.0253172
0.0255033
0.0256773
0.0259323
0.0262214
0.0264404
0.0266775
0.0269145
0.0270705
0.0272536
0.0275046
0.0276516
0.0278257
0.0279907
0.0282098
0.0284108
0.00835819
0.00855925
0.00906335
0.0100695
0.0104156
0.0106256
0.0108537
0.0110367
0.0112288
0.0114748
0.0116398
0.0117868
0.0119518
0.0121349
0.012327
0.012648
0.0128941
0.0132602
0.0135333
0.0137523
0.0140254
0.0142084
0.0143734
0.0146195
0.0147755
0.0150215
0.0151686
0.0155516
0.0156987
0.0161287
0.0163118
0.0165128
0.0167049
0.0169779
0.0171519
0.017353
0.017572
0.0178271
0.0180011
0.0181482
0.0101301
0.0108932
0.0120395
0.0131336
0.0136107
0.0138118
0.0140488
0.0145709
0.014991
0.015138
0.0154681
0.0156511
0.0159302
0.0163622
0.0166262
0.0170083
0.0174333
0.0176644
0.0179154
0.0181974
0.0184345
0.0186535
0.0188546
0.0192476
0.0193947
0.0195507
0.0198718
0.0201359
0.0204179
0.0206369
0.020919
0.021066
0.0213451
0.0222621
0.0224451
0.0225922
0.0227392
0.0230212
0.0232852
0.0234953
0.0237593
0.0239784
0.0242604
0.0244344
0.0246785
0.0248795
0.0251255
0.0253535
0.0256775
0.0259166
0.0260846
0.0263316
0.0265086
0.0266646
0.0269377
0.0272107
0.00628131
0.00800871
0.00852183
0.00899896
0.00956408
0.00984615
0.0103773
0.0107974
0.0111455
0.0112925
0.0115745
0.0121326
0.0125437
0.0131958
0.0136508
0.0138968
0.0140979
0.014353
0.014599
0.0148541
0.0150101
0.0152471
0.0154481
0.0156402
0.0158772
0.0160962
0.0163243
0.0165793
0.0167623
0.0170084
0.0172004
0.0174284
0.0176115
0.0178035
0.0180856
0.0183316
0.0184877
0.0187067
0.0188898
0.0203778
0.0175146
0.0177427
0.0180158
0.0182708
0.0185038
0.0186598
0.0188069
0.0189989
0.019209
0.019437
0.019701
0.019911
0.0200941
0.0203581
0.0205322
0.0207602
0.0209432
0.0212253
0.0213903
0.0216724
0.0218464
0.0220115
0.0222756
0.0225126
0.0227227
0.0229677
0.0232747
0.0235857
0.0238347
0.0241078
0.0243718
0.0246179
0.0248909
0.0251369
0.0254359
0.025595
0.025868
0.0260241
0.0261711
0.0264081
0.0266452
0.0268692
0.0270372
0.0272833
0.0274574
0.0276764
0.0278505
0.0280975
0.0282655
0.0285025
0.0287035
0.0289315
0.0290876
0.0293606
0.0296446
0.0299686
0.00821866
0.00841969
0.00857573
0.00920882
0.00935587
0.00988999
0.0105861
0.0108142
0.0111532
0.0115103
0.0120504
0.0124435
0.0127165
0.0128906
0.0131096
0.0132746
0.0135117
0.0137667
0.0140218
0.0142678
0.0145229
0.0149759
0.015159
0.015571
0.0158531
0.0160181
0.0162372
0.0164563
0.0167203
0.0168764
0.0171044
0.0172965
0.0175515
0.0177886
0.0180346
0.0182176
0.0183736
0.0185207
0.0186677
0.0188147
0.0095759
0.00975893
0.0107
0.0117222
0.0122713
0.0139034
0.0150506
0.0152426
0.0154977
0.0157447
0.0161317
0.0165048
0.0168238
0.0178469
0.018057
0.019132
0.0196651
0.0198931
0.0201572
0.0203942
0.0206703
0.0209553
0.0212103
0.0213574
0.0217594
0.0220294
0.0223054
0.0226885
0.0228475
0.0232445
0.0234935
0.0237575
0.0240306
0.0241776
0.0243517
0.0250327
0.0252428
0.0254978
0.0257079
0.0259179
0.026119
0.026372
0.026519
0.026799
0.027063
0.0273411
0.0275361
0.0277371
0.0280191
0.0281842
0.0284392
0.0286133
0.0287693
0.0289703
0.0291263
0.0299375
0.00830239
0.00907248
0.00927352
0.00978964
0.00995469
0.0101377
0.0102938
0.0107708
0.0111729
0.011365
0.0119231
0.0120881
0.0126012
0.0128202
0.0130753
0.0133303
0.0135403
0.0137774
0.0139604
0.0141614
0.0143535
0.0145005
0.0147016
0.0148487
0.0149957
0.0151518
0.0153348
0.0155179
0.0157279
0.015992
0.016184
0.0164481
0.0172171
0.0173912
0.0176282
0.0178473
0.0180753
0.0183124
0.0185044
0.0186784
0.00956256
0.00997762
0.0106287
0.0110308
0.0115598
0.012218
0.0127381
0.0132241
0.0135542
0.0144023
0.0145584
0.0147684
0.0149874
0.0151434
0.0153355
0.0157285
0.0159296
0.0161936
0.0164487
0.0166947
0.0169228
0.0172048
0.0175178
0.018451
0.018598
0.019004
0.0191601
0.0199361
0.0200922
0.0202842
0.0204402
0.0206603
0.0208463
0.0210203
0.0212663
0.0216123
0.0217894
0.0220814
0.0222494
0.0224685
0.0227055
0.0229616
0.0231836
0.0234516
0.0236107
0.0238927
0.0242067
0.0244017
0.0245828
0.0247388
0.0248858
0.0251139
0.0252609
0.025489
0.0256361
0.0334421
0.0092351
0.0111814
0.0119566
0.0121666
0.0123767
0.0126317
0.0130158
0.0133908
0.0135919
0.0137929
0.014141
0.014396
0.0145701
0.0147532
0.0150172
0.0151822
0.0154642
0.0158483
0.0160223
0.0162413
0.0164784
0.0167604
0.0170065
0.0172526
0.0174356
0.0176906
0.0178377
0.0181197
0.0183478
0.0186118
0.0188218
0.0189779
0.019242
0.019461
0.0201491
0.0202961
0.0205422
0.0208242
0.0209982
0.0211633
0.0106026
0.0111056
0.0115776
0.0122618
0.0126258
0.0130459
0.0132469
0.013412
0.013568
0.0139171
0.0142951
0.0145411
0.0147761
0.0149232
0.0151242
0.0152712
0.0155353
0.0157393
0.0159253
0.0161084
0.0163094
0.0166494
0.0168084
0.0173225
0.0175866
0.0180446
0.0183207
0.0184947
0.0186598
0.0189239
0.0191879
0.01938
0.01959
0.0197731
0.0200371
0.0202921
0.0206111
0.0207972
0.0209892
0.0211633
0.0214364
0.0216474
0.0218604
0.0220344
0.0222174
0.0229035
0.0231045
0.0233235
0.0234796
0.0236626
0.0240987
0.0244378
0.0246208
0.0248848
0.0255479
0.0257129
0.00682857
0.00760079
0.00778385
0.00826294
0.00842796
0.00860199
0.00876702
0.00930109
0.00947515
0.00981522
0.0101903
0.0123146
0.0125426
0.0127707
0.0131637
0.0133827
0.0135837
0.0141038
0.0142599
0.0145419
0.01489
0.015363
0.0157571
0.0163153
0.0165793
0.0167264
0.0170084
0.0172455
0.0174105
0.0176746
0.0179026
0.0181307
0.0183317
0.0185958
0.0187968
0.0189978
0.0191808
0.0198169
0.020099
0.021191
0.0115826
0.0117746
0.0122317
0.0130338
0.0133819
0.013893
0.0147001
0.0148562
0.0150372
0.0152362
0.0156562
0.0159292
0.0161663
0.0164483
0.0166043
0.0169624
0.0172204
0.0174574
0.0176495
0.0178596
0.0180246
0.0183206
0.0186027
0.0188847
0.0191217
0.0192778
0.0195148
0.0197159
0.0199439
0.020163
0.020346
0.0205651
0.0207121
0.0209041
0.0210691
0.0212802
0.0216612
0.0218902
0.0220642
0.0222203
0.0224303
0.0226854
0.0236204
0.0238035
0.0239775
0.0241606
0.0243166
0.0245536
0.0248357
0.0250007
0.0251928
0.0253848
0.0256668
0.0258299
0.0260569
0.0263909
0.00873913
0.00900316
0.00938728
0.00954334
0.00978939
0.00996344
0.0102365
0.0105756
0.0113236
0.0116057
0.0118067
0.0121458
0.0123648
0.0125569
0.0128029
0.012959
0.013432
0.0135881
0.0138611
0.0140081
0.0143382
0.0146022
0.0148033
0.0149953
0.0152324
0.0154784
0.0157515
0.0159705
0.0161716
0.0166616
0.0169437
0.0171537
0.0173098
0.0175288
0.0177839
0.0180479
0.018285
0.018486
0.018651
0.0189241
0.00935111
0.0101903
0.0106944
0.0127348
0.013873
0.0147411
0.0149602
0.0151252
0.0153802
0.0156443
0.0158183
0.0160374
0.0161844
0.0163764
0.0165775
0.0167875
0.0169885
0.0171965
0.0174735
0.0189097
0.0190687
0.0192877
0.0201458
0.0204648
0.0206418
0.0207889
0.0211529
0.0214349
0.021681
0.021919
0.022142
0.02231
0.0225561
0.0227211
0.0228772
0.0230602
0.0232793
0.0234713
0.0236633
0.0239274
0.0241014
0.0243475
0.0245625
0.0248025
0.0250576
0.0253216
0.0255587
0.0258097
0.0260677
0.0262148
0.0264788
0.0267338
0.0269709
0.027127
0.027834
0.029703
0.00505339
0.00815903
0.0083961
0.00879819
0.00914625
0.00953031
0.00974938
0.00989643
0.0100884
0.0102985
0.0104455
0.0106195
0.0107936
0.0111146
0.0114988
0.0117808
0.0119909
0.0122099
0.012393
0.012603
0.012786
0.0130231
0.0132871
0.0134972
0.0136712
0.0138722
0.0140643
0.0142113
0.0146504
0.0150194
0.0152295
0.015707
0.0159891
0.0162081
0.0164361
0.0166912
0.0169642
0.0172193
0.0174383
0.0176303
0.0110167
0.0121909
0.0146553
0.0148114
0.0153564
0.0158995
0.0160465
0.0161936
0.0163496
0.0165416
0.0167787
0.0169258
0.0172648
0.0174208
0.0176219
0.0178889
0.018048
0.018258
0.018405
0.0186241
0.0187711
0.0194352
0.0196483
0.0199153
0.0201884
0.0204524
0.0207074
0.0209895
0.0213735
0.0215565
0.0220455
0.0228396
0.0230946
0.0235176
0.0236766
0.0239497
0.0242047
0.0243877
0.0245668
0.0247798
0.0250168
0.0252179
0.025383
0.025539
0.025749
0.0259321
0.0261311
0.0263141
0.0265061
0.0266981
0.0269532
0.0273362
0.0275132
0.0277602
0.0281662
0.0287003
0.0061588
0.00660792
0.00706703
0.00920037
0.0094194
0.0100615
0.0102716
0.0109677
0.0121
0.012328
0.0126011
0.0128291
0.0130212
0.0134322
0.0136783
0.0138433
0.0140083
0.0142274
0.0144464
0.0148305
0.0151036
0.0155147
0.0157607
0.0159438
0.0161448
0.0163188
0.0165109
0.0171139
0.017396
0.017633
0.018116
0.0182991
0.0184552
0.0187102
0.0189292
0.0190943
0.0192504
0.0194334
0.0196074
0.0198715
0.00919356
0.0105377
0.0110358
0.0115488
0.0119989
0.012146
0.0134802
0.0136632
0.0139733
0.0143934
0.0148796
0.0150356
0.0152726
0.0154287
0.0156277
0.0158917
0.0160658
0.0173208
0.0178408
0.0182609
0.0184799
0.018891
0.019164
0.019347
0.0196191
0.0198051
0.0199791
0.0202252
0.0204533
0.0206724
0.0208374
0.0209844
0.0212985
0.0215785
0.0217345
0.0220075
0.0222535
0.0224546
0.0227146
0.0229696
0.0232517
0.0235467
0.0239047
0.0242207
0.0244247
0.0245808
0.0248458
0.0251128
0.0252689
0.0255149
0.025779
0.026007
0.0262261
0.0268171
0.0270812
0.0291412
0.00721599
0.0101946
0.0103867
0.0105877
0.0108698
0.0111338
0.0112808
0.0116649
0.011857
0.012223
0.012496
0.0126521
0.0129071
0.0131442
0.0135013
0.0136753
0.0139124
0.0141134
0.0143234
0.0144885
0.0147615
0.0149085
0.0151096
0.0156707
0.0160217
0.0161868
0.0164688
0.0166248
0.0168979
0.0170989
0.017363
0.0175731
0.0178191
0.0180021
0.0184882
0.0186893
0.0189353
0.0191273
0.0193014
0.0195834