RTT
0.059609
0.0146693
0.0648564
0.0148704
0.0650239
0.0150384
0.0686154
0.0186297
0.0688106
0.0188248
0.0690684
0.0190828
0.0694496
0.0194639
0.0750369
0.0250513
0.0752229
0.0252373
0.0754821
0.0254954
0.0757122
0.0257264
0.0758983
0.0259125
0.0761201
0.0261345
0.0763696
0.0263836
0.0765824
0.0265966
0.0781363
0.0281507
0.0784034
0.0284177
0.0786794
0.0286938
0.0789466
0.0289608
0.0791959
0.0292098
0.0794535
0.0294679
0.0797115
0.0297259
0.0799605
0.0299749
0.08012
0.030134
0.0803598
0.030374
0.0805913
0.0306051
0.0808307
0.0308451
0.0809902
0.0310042
0.0811578
0.0311722
0.00726845
0.00774554
0.0081416
0.00828863
0.00863769
0.00903976
0.00920481
0.00939683
0.0097719
0.00999994
0.010282
0.010519
0.010729
0.010921
0.0110861
0.0115181
0.0120252
0.0125382
0.0127213
0.0129853
0.0132314
0.0133964
0.0137835
0.0139755
0.0144075
0.0145996
0.0147646
0.0150466
0.0153017
0.00617475
0.00663382
0.00678087
0.00787708
0.00815909
0.00834212
0.00851616
0.00887326
0.0090653
0.00957845
0.00977949
0.00992652
0.0102085
0.0104005
0.0105926
0.0107846
0.0109586
0.0111957
0.0114327
0.0116157
0.0122228
0.0123968
0.0126428
0.0128079
0.0129549
0.013192
0.013456
0.0136481
0.0138672
0.00410194
0.00475304
0.00541315
0.00568122
0.00585527
0.00684243
0.00700744
0.00719047
0.00831356
0.00854159
0.00870665
0.00893472
0.00911778
0.00934585
0.0095289
0.00994896
0.010306
0.010462
0.0106451
0.0108371
0.0111191
0.0114012
0.0116382
0.0118933
0.0121123
0.0122593
0.0129224
0.0131234
0.0133605
0.00494447
0.00565552
0.00597655
0.00652561
0.00716675
0.00752382
0.00768884
0.00809989
0.00830094
0.008712
0.00888603
0.00907808
0.00923413
0.00953718
0.00968422
0.00994829
0.0101224
0.0108494
0.0110325
0.0112695
0.0114975
0.0117345
0.0119086
0.0121006
0.0123647
0.0127467
0.0129928
0.0136378
0.0138749
0.00158038
0.00768327
0.00786632
0.00840038
0.00867343
0.0090125
0.00924952
0.00941457
0.00966959
0.00986165
0.0100267
0.0101737
0.0103567
0.0105488
0.0107318
0.0110138
0.0114159
0.0120519
0.01228
0.012526
0.012808
0.0130721
0.0132911
0.0135462
0.0139122
0.0141042
0.0142783
0.0145603
0.0150284
0.00439031
0.00517636
0.00693166
0.00712371
0.00745377
0.00779286
0.008625
0.00879903
0.00916509
0.00931213
0.0097052
0.0100892
0.0103082
0.0104913
0.0107463
0.0109023
0.0115233
0.0117514
0.0119164
0.0120995
0.0123545
0.0126366
0.0128826
0.0131646
0.0134196
0.0137017
0.0139297
0.0140767
0.0143588
0.00718729
0.00733433
0.00754435
0.00774536
0.00791041
0.00818347
0.0083755
0.00853154
0.00934771
0.00971375
0.00996878
0.0102238
0.0104788
0.0106439
0.0109169
0.011181
0.011346
0.011511
0.0117841
0.0119941
0.0121952
0.0123872
0.0126152
0.0128343
0.0134883
0.0137074
0.0138904
0.0140914
0.0143375
0.00520639
0.00574748
0.00698169
0.00712872
0.00738377
0.0078789
0.00849798
0.008771
0.00891804
0.00909208
0.00944013
0.00959614
0.00977017
0.0099532
0.0110033
0.0115323
0.0116883
0.0119523
0.0122074
0.0124624
0.0126185
0.0128015
0.0130836
0.0133476
0.0135666
0.0137227
0.0139867
0.0142687
0.0145238
0.00440904
0.00460108
0.0067563
0.00723339
0.00740747
0.00758153
0.00784557
0.00888264
0.0090747
0.00922173
0.00939576
0.0097618
0.00994484
0.0101279
0.0103559
0.0106109
0.010884
0.011157
0.0114031
0.0115951
0.0118501
0.0120061
0.0121892
0.0124622
0.0126542
0.0128103
0.0130293
0.0132933
0.0139323
0.00498139
0.00565945
0.00605251
0.00619955
0.00659262
0.00674864
0.00692268
0.00860498
0.00877003
0.0094281
0.00962916
0.00990223
0.0101213
0.0103223
0.0104784
0.0106524
0.0112754
0.0114675
0.0118875
0.0120525
0.0122716
0.0124816
0.0126557
0.0129287
0.0130848
0.0133668
0.0136128
0.0141258
0.0150649
0.00560002
0.00645116
0.00732833
0.00749336
0.0077484
0.00790444
0.0080515
0.00821653
0.00870958
0.00903966
0.00970175
0.0102468
0.0105198
0.0108018
0.0109759
0.0111319
0.0113599
0.0115969
0.0119809
0.012155
0.012392
0.012647
0.0127941
0.0130221
0.0132592
0.0134692
0.0137242
0.0139343
0.0145103
0.00456923
0.00534241
0.00581949
0.00632356
0.00673464
0.0072367
0.00738375
0.00760279
0.00798684
0.00834192
0.00854296
0.00895402
0.00933809
0.00961114
0.00979416
0.0103882
0.0106342
0.0109163
0.0111533
0.0115014
0.0117834
0.0120385
0.0122485
0.0124855
0.0127226
0.0128696
0.0131337
0.0133887
0.0139468
0.00700734
0.00741839
0.00771245
0.00794048
0.00814151
0.00835154
0.00863357
0.0090086
0.00923663
0.00940167
0.00955774
0.00983979
0.0102238
0.0106259
0.0107999
0.011064
0.011301
0.0115471
0.0118202
0.0120392
0.0122313
0.0123783
0.0125343
0.0133963
0.0135974
0.0138614
0.0140534
0.0142455
0.0144825
0.00581277
0.00612483
0.00646386
0.00671889
0.00698292
0.00721095
0.00763103
0.00781407
0.00802412
0.00827917
0.00844419
0.0086272
0.00880122
0.00902925
0.00923927
0.00942232
0.00968636
0.00993238
0.0101424
0.0103975
0.0106705
0.0113946
0.0115596
0.0117606
0.0119437
0.0120998
0.0122558
0.0124388
0.0127029
0.00437898
0.00551713
0.00598821
0.00659433
0.00718643
0.0074235
0.00790058
0.00827365
0.00844768
0.00872073
0.00886777
0.0095468
0.00970282
0.00984985
0.0101229
0.0103059
0.010534
0.010816
0.011044
0.011272
0.0115271
0.0116741
0.0118931
0.0121121
0.0123402
0.0125952
0.0128322
0.0129883
0.0131983
0.00701748
0.0075486
0.00772264
0.00794167
0.0083257
0.00849974
0.00877277
0.0089738
0.00917483
0.00942087
0.00961291
0.00986797
0.010114
0.0103961
0.0105521
0.0108072
0.0109722
0.0112362
0.0114282
0.0116743
0.0118843
0.0120944
0.0122684
0.0127365
0.0131145
0.0133785
0.0136155
0.0137986
0.0139996
0.00274558
0.00592601
0.00608207
0.00707025
0.00770635
0.0079164
0.00842542
0.00882846
0.00923051
0.00961456
0.0098606
0.0100436
0.0102897
0.0105087
0.0106827
0.0109288
0.0111118
0.0115238
0.0118839
0.0120399
0.0122049
0.012442
0.012598
0.012835
0.0130901
0.0132641
0.0134292
0.0143142
0.0154333
0.00699445
0.00726749
0.00779865
0.00808069
0.00834473
0.00855476
0.0088098
0.00930486
0.00951488
0.00991701
0.010154
0.0103191
0.0106011
0.0108471
0.0109942
0.0112222
0.0114772
0.0116603
0.0118973
0.0121433
0.0122994
0.0124734
0.0127284
0.0128935
0.0136645
0.0138476
0.0140756
0.0142587
0.0145227
0.00232848
0.00464795
0.00527208
0.00894753
0.00928658
0.00962562
0.00977265
0.00998268
0.0102197
0.0104387
0.0106668
0.0108409
0.0109969
0.0111529
0.011417
0.011681
0.011918
0.0121101
0.0123831
0.0126291
0.0127941
0.0130402
0.0133042
0.0135503
0.0137783
0.0140154
0.0142794
0.0148075
0.0150175
0.00667173
0.00750889
0.00788198
0.00824805
0.00849406
0.00869509
0.00893212
0.00932516
0.00960722
0.00987128
0.0101443
0.0103994
0.0105734
0.0108014
0.0109575
0.0111945
0.0113865
0.0116416
0.0119146
0.0120976
0.0124556
0.0128247
0.0130797
0.0132898
0.0134458
0.0136469
0.0138929
0.014076
0.014304
0.00710523
0.00725227
0.00765434
0.00793639
0.00846554
0.00867558
0.00905062
0.00927864
0.00952466
0.0097257
0.00991777
0.0101548
0.0104188
0.0106919
0.0108659
0.0110759
0.0113309
0.011586
0.011769
0.0120241
0.0122791
0.0125162
0.0131592
0.0133782
0.0135703
0.0138163
0.0140443
0.0142364
0.0145184
0.00763581
0.00787283
0.00805586
0.00842193
0.00863196
0.00881499
0.00902505
0.00930709
0.00945415
0.00978422
0.00993124
0.0102703
0.0105163
0.0107803
0.0110084
0.0111914
0.0113834
0.0115575
0.0117405
0.0119055
0.0121695
0.0123526
0.0125086
0.0127457
0.0129468
0.0134568
0.0136038
0.0138499
0.0140509
0.00634631
0.00651134
0.00755846
0.00783149
0.00797852
0.00833558
0.00874668
0.0089027
0.00915773
0.00939475
0.00958678
0.00976081
0.00997085
0.0101629
0.01064
0.010859
0.0114211
0.0117242
0.0119252
0.0121263
0.0123453
0.0126093
0.0127834
0.0129574
0.0132305
0.0134945
0.0137766
0.0140316
0.0144906
0.00536867
0.00553372
0.00618392
0.00633096
0.00675103
0.00697906
0.0073611
0.00772712
0.00790118
0.00827627
0.00846832
0.00867835
0.00894238
0.0091524
0.00935342
0.00977347
0.0100195
0.0102835
0.0104396
0.0105866
0.0107427
0.0113587
0.0115867
0.0117608
0.0120069
0.0122439
0.0124269
0.0126459
0.01282
0.00514203
0.00674821
0.00693125
0.0072703
0.00753433
0.00772637
0.0079004
0.00811946
0.00835652
0.00877658
0.00917864
0.0093257
0.00954475
0.00977277
0.0100008
0.0102108
0.0104659
0.0106489
0.0108679
0.011141
0.011351
0.011624
0.0120081
0.0121821
0.0128881
0.0130892
0.0133082
0.0135093
0.0136563
0.00672049
0.00698455
0.00781661
0.00802663
0.00833867
0.00869571
0.00903281
0.00931486
0.00953392
0.00968998
0.00990904
0.0101371
0.0103831
0.0106111
0.0107852
0.0109682
0.0112142
0.0113613
0.0115623
0.0117903
0.0121564
0.0128714
0.0130815
0.0133005
0.0134925
0.0137025
0.0138946
0.0142337
0.0147737
0.00324427
0.00430643
0.00481054
0.00559069
0.00588473
0.00621476
0.00652684
0.00778794
0.00801597
0.00857412
0.00873915
0.00903325
0.00937229
0.00994941
0.0101414
0.0103965
0.0105615
0.0107175
0.0109276
0.0111016
0.0112756
0.0114316
0.0116417
0.0123227
0.0124698
0.0126169
0.0127729
0.013001
0.01538
0.00658111
0.00713021
0.00730428
0.00745134
0.00763437
0.0079074
0.00815344
0.00831847
0.00868456
0.00905063
0.00944369
0.00972575
0.00989979
0.0101458
0.0103829
0.0106199
0.0107759
0.010941
0.01116
0.011316
0.011878
0.012025
0.0122621
0.0124091
0.0126281
0.0128562
0.0130932
0.0132673
0.0162674
0.00150366
0.00740557
0.00781661
0.00807569
0.00824976
0.00866982
0.00888885
0.00912588
0.00933592
0.00950998
0.00976501
0.010002
0.0101851
0.0103411
0.0105691
0.0107612
0.0111812
0.0113463
0.0115743
0.0119494
0.0122314
0.0124504
0.0126335
0.0128885
0.0135515
0.0137075
0.0139176
0.0143386
0.0170417
0.00503273
0.0053718
0.00586488
0.00616795
0.00669009
0.00710115
0.0076212
0.00785824
0.00838035
0.0087284
0.00893844
0.00909449
0.00945159
0.00965263
0.00988066
0.0104387
0.0106937
0.0108677
0.0111317
0.0113958
0.0115608
0.0117798
0.0119539
0.0122089
0.012401
0.012557
0.0128121
0.0130041
0.0131961
0.00645031
0.00692003
0.00717508
0.0073941
0.00759512
0.00782315
0.00814418
0.00839021
0.00861826
0.00883732
0.00906538
0.00924842
0.00965052
0.00984255
0.0100616
0.0103346
0.0109326
0.0111157
0.0113167
0.0115537
0.0118088
0.0120188
0.0121838
0.0124389
0.0126759
0.0129489
0.0132219
0.013543
0.0140381
0.003721
0.00720145
0.0073575
0.00756754
0.00775956
0.00790657
0.00808962
0.0083537
0.00861777
0.00878284
0.00895689
0.00913993
0.00928695
0.00946998
0.00971603
0.0101001
0.0103641
0.0105561
0.0107572
0.0109762
0.0116572
0.0119122
0.0121133
0.0123953
0.0126143
0.0128874
0.0130344
0.0132174
0.0134455
0.00981304
0.0100321
0.0102511
0.0105242
0.0107793
0.0109263
0.0111543
0.0114003
0.0116644
0.0118204
0.0119854
0.0122675
0.0125045
0.0127325
0.0128885
0.0130896
0.0133086
0.0134647
0.0136207
0.0138577
0.0141308
0.0143678
0.0146408
0.0148689
0.0151239
0.0152889
0.015562
0.015709
0.0159011
0.00563709
0.00602117
0.0064913
0.00685134
0.00735543
0.00765847
0.0080695
0.00824351
0.00864555
0.00906562
0.00956977
0.00977081
0.00998984
0.0106149
0.0108699
0.011098
0.011317
0.011536
0.0117011
0.0118571
0.0120041
0.0121512
0.0123522
0.0125983
0.0127993
0.0130273
0.0132013
0.0133844
0.0135944
0.00667974
0.00702181
0.00741287
0.00779691
0.00803394
0.00818097
0.00838199
0.00853804
0.00909615
0.0093602
0.00953422
0.00974425
0.00990931
0.0101374
0.0103924
0.0105665
0.0107315
0.0110046
0.0112506
0.01172
0.01193
0.012149
0.0123051
0.0125421
0.0127971
0.0137362
0.0139732
0.0142013
0.0144563
0.00477425
0.0049393
0.00592748
0.0067496
0.00695965
0.00749576
0.00789786
0.0080989
0.00838094
0.00872898
0.009002
0.00916703
0.00931407
0.00952412
0.00979716
0.0100612
0.0102262
0.0103732
0.0109783
0.0111613
0.0114163
0.0116803
0.0118994
0.0121274
0.0123645
0.0126465
0.0129286
0.0131836
0.0133397
0.00605978
0.00659985
0.00691191
0.00715795
0.00795212
0.00843017
0.0086042
0.00876025
0.0093523
0.00955334
0.00982638
0.00999142
0.0101655
0.0103305
0.0104775
0.0107325
0.0109876
0.0112696
0.0114167
0.0118557
0.0120027
0.0122308
0.0124408
0.0127228
0.0129959
0.0131789
0.013389
0.014327
0.0170211
0.00520724
0.0071974
0.00741643
0.00758146
0.00776451
0.00792055
0.00812157
0.0082956
0.00899564
0.00918767
0.00941571
0.00969776
0.00995279
0.0101178
0.0103098
0.0104569
0.010604
0.010787
0.010952
0.0111261
0.0113181
0.0115101
0.0116842
0.0119122
0.0122603
0.0124073
0.0129804
0.0132264
0.0142195
0.0188305
0.0190315
0.0192236
0.0250578
0.0253218
0.0256039
0.0257689
0.0260329
0.026207
0.026372
0.026564
0.0267831
0.0270291
0.0272841
0.0275032
0.0277583
0.0279863
0.0282683
0.0284784
0.0287244
0.0289614
0.0292075
0.0294355
0.0296725
0.0299006
0.0301556
0.0303117
0.0304587
0.0440252
0.0541262
2.05446
2.00446
1.95447
0.0546284
0.0559486
0.058111
0.058301
0.058719
0.0624103
0.0625573
0.0634223
0.0136233
0.0138153
0.0140254
0.0142444
0.0146014
0.0147665
0.0650655
0.0152876
0.0155156
0.0157526
0.0158997
0.0161817
0.0164458
0.0166378
0.0168299
0.0170309
0.0171869
0.0173789
0.017526
0.0177991
0.0179461
0.0181651
0.0183571
0.0185042
0.0187862
0.0189422
0.0191253
0.0193623
0.0696583
0.0700233
0.0201914
0.0209745
0.0218235
0.00693991
0.0080111
0.00876421
0.00893827
0.00913032
0.00930436
0.00996241
0.0107415
0.0114837
0.0118327
0.0120188
0.0126298
0.0129908
0.0138039
0.0144709
0.0147469
0.0150189
0.015295
0.015442
0.0158471
0.0164411
0.0166691
0.0168702
0.0172542
0.0174102
0.0175572
0.0179233
0.0180703
0.0185563
0.0192124
0.0193864
0.0195605
0.0197526
0.0199356
0.0201006
0.0202817
0.0205367
0.0207797
0.0214667
0.0217397
0.0219317
0.0220877
0.0222438
0.0223998
0.0243379
0.00700918
0.00745224
0.00762628
0.0079503
0.00815135
0.00849043
0.00870047
0.00927454
0.0100676
0.0102237
0.0104967
0.0107157
0.0109618
0.0111808
0.0117219
0.012283
0.012538
0.0130401
0.0134361
0.0138321
0.0140242
0.0142522
0.0144712
0.0146273
0.0148643
0.0151373
0.0153203
0.0156024
0.0157854
0.0179484
0.00695369
0.0110542
0.0114023
0.0116483
0.0118474
0.0120124
0.0121684
0.0123605
0.0126065
0.0128435
0.0130356
0.0132096
0.0134917
0.0140057
0.0148707
0.0151037
0.0153258
0.0156078
0.0158178
0.0160818
0.0164478
0.0167209
0.0168949
0.017078
0.01737
0.0176191
0.0178471
0.0180842
0.0183272
0.0185682
0.0187992
0.0190542
0.0193273
0.0196093
0.0198953
0.0202853
0.0204873
0.0207334
0.0208804
0.0214794
0.0217435
0.0220165
0.0222535
0.0225085
0.0231526
0.00629287
0.00721303
0.00737807
0.00769017
0.0080412
0.00818822
0.00840725
0.0086623
0.00886335
0.0097304
0.00994044
0.0101325
0.0103425
0.0105076
0.0106636
0.0110476
0.0113027
0.0114857
0.0121227
0.0123688
0.0126418
0.0127979
0.0130169
0.013164
0.013401
0.013674
0.013929
0.0145471
0.0148201
0.0174512
0.0124569
0.0163259
0.0164729
0.0166289
0.017065
0.017302
0.0174671
0.0178062
0.0181542
0.0186863
0.0194163
0.0198274
0.0200784
0.0206264
0.0208665
0.0211465
0.0214285
0.0217016
0.0219386
0.0221306
0.0223316
0.0227797
0.0233287
0.0239307
0.0241137
0.0242878
0.0245248
0.0249069
0.0251619
0.0253899
0.025636
0.0257921
0.0259661
0.0262651
0.0264941
0.0267671
0.0270312
0.0272322
0.0274962
0.0277512
0.0280243
0.0282163
0.0284173
0.0287204
0.0292454
0.00660963
0.00678369
0.00720378
0.00748585
0.00786092
0.00929404
0.00971409
0.00987015
0.0101162
0.0102902
0.0104643
0.0106563
0.0108663
0.0110314
0.0112864
0.0114964
0.0117605
0.0120815
0.0123545
0.0125826
0.0127386
0.0129667
0.0135377
0.0137208
0.0139488
0.0143328
0.0145969
0.0148699
0.0151159
0.0156919
0.00726417
0.00847047
0.00901057
0.0100177
0.0102278
0.0106598
0.0108548
0.0113859
0.011854
0.0123851
0.0126141
0.0127911
0.0130831
0.0134162
0.0135722
0.0137193
0.0138663
0.0140853
0.0142593
0.0144964
0.0147244
0.0150824
0.0152415
0.0155835
0.0165635
0.0167916
0.0169836
0.0173857
0.0176677
0.0178598
0.0180068
0.0181988
0.0184269
0.0186379
0.0188509
0.019088
0.019352
0.019634
0.019826
0.0199731
0.0201201
0.0202671
0.0204772
0.0209692
0.0211612
0.00551016
0.00617429
0.00633932
0.00648634
0.00700845
0.00756655
0.00783958
0.00809464
0.00834972
0.00853277
0.0087968
0.00894381
0.00920785
0.00936389
0.00956491
0.00981995
0.010084
0.010312
0.010486
0.0114502
0.0116153
0.0119113
0.0122803
0.0128084
0.0129734
0.0132284
0.0134475
0.0136125
0.0137776
0.0140236
0.00662599
0.00678204
0.00828232
0.00904542
0.00939344
0.0101505
0.0103335
0.0106816
0.0110206
0.0115517
0.0117438
0.0121279
0.0129601
0.0131881
0.0135502
0.0137092
0.0138562
0.0141452
0.0144512
0.0147273
0.0149193
0.0151113
0.0152583
0.0163624
0.0166264
0.0168184
0.0170645
0.0174495
0.0176355
0.0178185
0.0180015
0.0182295
0.0184666
0.0186616
0.0188366
0.0190826
0.0192566
0.0195037
0.0197107
0.0198947
0.0200687
0.0202788
0.0204888
0.0206718
0.0208278
0.00524118
0.00711641
0.00726345
0.0074735
0.00765652
0.00781257
0.00801362
0.00825066
0.00859871
0.00879973
0.00903679
0.00928285
0.00956489
0.00976591
0.0100389
0.010303
0.010504
0.010777
0.011014
0.011215
0.0114521
0.0116082
0.0118362
0.0121183
0.0123823
0.0125294
0.0127484
0.0129404
0.0130874
0.0136815
0.0103911
0.0107192
0.0115813
0.0121304
0.0123494
0.0125055
0.0130105
0.0135686
0.0137786
0.0139257
0.0141268
0.0142918
0.0146518
0.0148648
0.0150299
0.0151859
0.0153509
0.0156069
0.015766
0.016029
0.016322
0.016607
0.0169511
0.0171371
0.0172841
0.0175891
0.0177701
0.0179261
0.0188032
0.0190472
0.0192932
0.0195832
0.0198932
0.0201033
0.0204423
0.0207154
0.0209254
0.0210814
0.0213005
0.0214835
0.0216936
0.0218496
0.0220776
0.0223596
0.0229357
0.0053372
0.00579629
0.00642045
0.00677854
0.00692555
0.00707258
0.00735461
0.00756463
0.00777466
0.00819476
0.0083418
0.00859683
0.00881588
0.00902592
0.00925395
0.00958404
0.00986611
0.0101212
0.0102952
0.0108302
0.0110492
0.0113223
0.0115593
0.0117873
0.0120244
0.0121804
0.0123275
0.0126005
0.0128735
0.0130476
0.0116084
0.0117555
0.0129355
0.0132836
0.0137966
0.0142176
0.0145937
0.0147887
0.0152057
0.0155867
0.0158917
0.0160508
0.0162248
0.0165639
0.0167649
0.016939
0.017165
0.017411
0.017621
0.0180241
0.0183121
0.0188081
0.0194651
0.0197502
0.0199152
0.0201772
0.0203513
0.0205433
0.0207984
0.0209454
0.0212055
0.0214765
0.0216235
0.0217886
0.0219896
0.0222176
0.0224096
0.0225926
0.0228297
0.0230667
0.0233127
0.0235677
0.0237418
0.0240238
0.0250619
0.00543704
0.00575811
0.00596817
0.00647932
0.00668938
0.0068364
0.00704642
0.00736745
0.00790752
0.00837661
0.00891467
0.0091157
0.00949974
0.00971877
0.0104118
0.0106488
0.0109129
0.0111319
0.011489
0.0118911
0.0121101
0.0122661
0.0125122
0.0126862
0.0131063
0.0133523
0.0136343
0.0142794
0.0145345
0.0147445
0.0103192
0.0104933
0.0107293
0.0110894
0.0113024
0.0122335
0.0124976
0.0127436
0.0130166
0.0132446
0.0134727
0.0137277
0.0140098
0.0142478
0.0144248
0.0149269
0.0151259
0.0153179
0.015483
0.015648
0.015795
0.016005
0.0162241
0.0165381
0.0167451
0.0169581
0.0172042
0.0173942
0.0176312
0.0178232
0.0179703
0.0183163
0.0185653
0.0187394
0.0189224
0.0191914
0.0194734
0.0196294
0.0197945
0.0200655
0.0202935
0.0210285
0.0212836
0.0214756
0.0240256
0.00546811
0.00561515
0.00605726
0.00678444
0.0069315
0.00723457
0.00764566
0.00781971
0.00799375
0.00838679
0.00856982
0.00879785
0.00909189
0.00932891
0.00948495
0.00974897
0.010097
0.0102441
0.0108691
0.0112892
0.0117003
0.0118473
0.0119944
0.0122134
0.0124054
0.0125884
0.0128705
0.0138185
0.0140376
0.0141936
0.0103823
0.0113043
0.0114604
0.0116705
0.0119235
0.0121425
0.0126226
0.0130006
0.0133126
0.0135407
0.0137868
0.0141268
0.0144089
0.0147749
0.0149759
0.0151229
0.015444
0.015659
0.015896
0.016088
0.0163611
0.0165171
0.0167361
0.0169822
0.0171922
0.0173753
0.0176123
0.0179183
0.0181583
0.0184224
0.0186644
0.0188934
0.0191035
0.0193855
0.0205545
0.0207736
0.0212516
0.0214646
0.0218086
0.0221426
0.0225077
0.0227387
0.0228857
0.0235818
0.0242658
0.00626828
0.00771743
0.00799947
0.00822749
0.00838355
0.00860259
0.00883961
0.00909465
0.00936769
0.00958673
0.00977881
0.0100339
0.0102259
0.0104089
0.0105649
0.010811
0.010985
0.011231
0.0114411
0.0116331
0.0117802
0.0120262
0.0122812
0.0125363
0.0127643
0.0129744
0.0131664
0.0134304
0.0136405
0.0138955
0.00699882
0.00838815
0.00853517
0.00921325
0.00936927
0.0102014
0.0103575
0.0107845
0.0120156
0.0122786
0.0124716
0.0132887
0.0137998
0.0139469
0.0144719
0.0148009
0.0149759
0.0153759
0.01576
0.015943
0.016135
0.0163811
0.0165731
0.0168431
0.0173671
0.0176612
0.0178172
0.0179732
0.0181653
0.0184023
0.0186664
0.0189034
0.0191314
0.0195335
0.0196895
0.0198545
0.0201996
0.0210496
0.0212236
0.0214506
0.0217357
0.0219637
0.0221107
0.0223567
0.0225038
1.03311
0.933149
0.00548711
0.00579916
0.00621021
0.00638423
0.00688831
0.00721838
0.00761148
0.00829667
0.00852474
0.00890878
0.00905582
0.00927487
0.00945792
0.00961397
0.00988701
0.010106
0.0103161
0.0105621
0.0109731
0.0112372
0.0118622
0.0121172
0.0123632
0.0126363
0.0129093
0.0130563
0.0132574
0.0134044
0.0136775
0.0139505
0.0065087
0.00859493
0.00941106
0.0100332
0.0106032
0.0110893
0.0112633
0.0114263
0.0121134
0.0122964
0.0128256
0.0132617
0.0134177
0.0136977
0.0141087
0.0144397
0.0147158
0.0148988
0.0154119
0.015685
0.01594
0.016996
0.0173621
0.0176601
0.0178251
0.0179811
0.0181281
0.0184012
0.0186362
0.0188552
0.0190562
0.0193023
0.0195123
0.0197573
0.0199914
0.0202294
0.0205534
0.0207484
0.0208954
0.0210964
0.0212795
0.0214355
0.0216096
0.0218016
0.0221457
0.0227067
0.00166642
0.00397499
0.00428704
0.00655253
0.00707462
0.00725766
0.0077778
0.00876688
0.00897692
0.00936096
0.00951699
0.00967301
0.00994604
0.0100931
0.0103571
0.0105402
0.0107952
0.0110233
0.0112243
0.0114883
0.0116893
0.0118724
0.0121454
0.0123554
0.0125474
0.0127845
0.0130395
0.0132046
0.0134596
0.0140086
0.00853532
0.00899234
0.00916037
0.00999446
0.0101685
0.0108466
0.0112036
0.0113507
0.0116717
0.0120738
0.0124488
0.0126498
0.0130209
0.0132969
0.0134979
0.0136879
0.0139429
0.0143451
0.0145011
0.0147382
0.0149482
0.0152123
0.0153684
0.0156984
0.0158614
0.0161255
0.0162995
0.0165545
0.0167105
0.0169636
0.0171826
0.0182306
0.0184166
0.0186536
0.0188007
0.0190547
0.0193487
0.0196427
0.0199278
0.0202098
0.0203568
0.0205128
0.0206689
0.0209359
0.0211849
0.021441
0.00110318
0.00636923
0.0066723
0.00722638
0.00759043
0.00785445
0.00814852
0.00839453
0.00866755
0.00900661
0.00952872
0.00994878
0.0106229
0.0110799
0.01186
0.012034
0.0122171
0.0124901
0.0127271
0.0129372
0.0131112
0.0133752
0.0136122
0.0138583
0.0140954
0.0143594
0.0145155
0.0147345
0.0149535
0.0152176
0.00911331
0.00943634
0.0102684
0.0106884
0.0112195
0.0116786
0.0118706
0.0120986
0.0122637
0.0126207
0.0131788
0.0134908
0.0138839
0.0140489
0.014268
0.014478
0.014715
0.014925
0.0151171
0.0153231
0.0155782
0.0158242
0.0160523
0.0165553
0.0179873
0.0181524
0.0183784
0.0186734
0.0188665
0.0192245
0.0196455
0.0198105
0.0202606
0.0206926
0.0210096
0.0212946
0.0214417
0.0217147
0.0219877
0.0223047
0.0225457
0.0228398
0.0231018
0.0233118
0.0235759
0.0237319
0.00641731
0.00703339
0.00751053
0.00766658
0.00804168
0.00820673
0.00836276
0.00853679
0.00872883
0.00889387
0.00923093
0.00939596
0.00957898
0.009726
0.00988204
0.0100291
0.0102211
0.0106232
0.0108962
0.0111242
0.0113433
0.0119323
0.0121424
0.0122894
0.0126644
0.0128385
0.0131025
0.0133306
0.0134956
0.0140716
0.00996928
0.0111733
0.0114104
0.0125905
0.0129836
0.0132297
0.0134107
0.0138127
0.0140678
0.0142328
0.0144428
0.0150078
0.0151729
0.0154459
0.0156469
0.016664
0.0168921
0.0170891
0.0174042
0.0175512
0.0177072
0.0179172
0.0181723
0.0183283
0.0185383
0.0188023
0.0189494
0.0192224
0.0194765
0.0197475
0.0200855
0.0202625
0.0204995
0.0207096
0.0209736
0.0211686
0.0214506
0.0217346
0.0219657
0.0221487
0.0223137
0.0225237
0.0226797
0.0232108
0.0240868
0.0266999
0.00574633
0.00750755
0.00802363
0.00840771
0.00861778
0.00885485
0.0090649
0.00924794
0.00940398
0.00965902
0.00987805
0.0102891
0.0107461
0.0109831
0.0112202
0.0114932
0.0117122
0.0119222
0.0121053
0.0122703
0.0125074
0.0127354
0.0129905
0.0131735
0.0133566
0.0135036
0.0141786
0.0144607
0.0147157
0.0153277
0.00381341
0.00581968
0.00849709
0.00864413
0.0097073
0.0103394
0.0116226
0.0117696
0.0137798
0.0142778
0.0144519
0.0149559
0.015404
0.01556
0.015818
0.016031
0.0162861
0.0165141
0.0167331
0.0168802
0.0170452
0.0174023
0.0177243
0.0178923
0.0182924
0.0188734
0.0192785
0.0196066
0.0198526
0.0200806
0.0202997
0.0205277
0.0207197
0.0208938
0.0210858
0.0213138
0.0222989
0.0224849
0.0227579
0.0229049
0.023159
0.02339
0.023632
0.023896
0.024043
0.0242801
0.00329294
0.00678442
0.00726148
0.00775054
0.00893767
0.00927673
0.00954979
0.00973284
0.0101259
0.010318
0.010573
0.010783
0.0110111
0.0111581
0.0113592
0.0116322
0.0117882
0.0120612
0.0122802
0.0127463
0.0129293
0.0132983
0.0135354
0.0137724
0.0140184
0.0142915
0.0144655
0.0146395
0.0148585
0.0151136
0.00971119
0.0107633
0.0110223
0.0112083
0.0114183
0.0119424
0.0130595
0.0137645
0.0139476
0.0142117
0.0144197
0.0146027
0.0147947
0.0150407
0.0151878
0.0156438
0.0158028
0.0159748
0.0165349
0.0166819
0.0169559
0.0172319
0.017415
0.0176341
0.0178951
0.0181061
0.0184182
0.0188022
0.0192133
0.0194413
0.0197994
0.0200034
0.0201864
0.0203874
0.0206245
0.0209135
0.0211505
0.0213516
0.0216396
0.0218436
0.0220717
0.0222457
0.0228327
0.0230788
0.0232688
0.0234338
0.00770515
0.00788819
0.00838131
0.00858234
0.00877436
0.00893038
0.0092514
0.00980751
0.00996355
0.0101646
0.0104466
0.0107017
0.0108937
0.0111577
0.0113318
0.0115328
0.0117788
0.0119619
0.0121269
0.012373
0.0125471
0.0127031
0.0129131
0.0131502
0.0134322
0.0140772
0.0142693
0.0144524
0.0146804
0.0148545
0.00676574
0.00726081
0.00787488
0.00881202
0.0094181
0.0102512
0.0104882
0.0108003
0.0111664
0.0116255
0.0128366
0.0130106
0.0132747
0.0135897
0.0138027
0.0139678
0.0141238
0.0143968
0.0162809
0.016724
0.016943
0.017207
0.0174711
0.0176361
0.0177921
0.0180561
0.0182842
0.0184792
0.0188532
0.0191292
0.0192853
0.0197213
0.0198953
0.0202093
0.0205034
0.0208294
0.0211924
0.0214324
0.0216694
0.0218975
0.0221835
0.0224415
0.0226785
0.0228436
0.0232356
0.0238506
0.00501061
0.00684701
0.00750313
0.0079822
0.00818324
0.00854327
0.00874431
0.00938237
0.00999639
0.0108555
0.0110385
0.0112125
0.0114406
0.0118906
0.0122957
0.0125147
0.0127067
0.0129258
0.0130908
0.0132828
0.0134839
0.013712
0.013877
0.0140691
0.0142341
0.0144442
0.0146902
0.0148462
0.0162203
0.0167963
0.00912882
0.0102179
0.0110149
0.0124991
0.0129941
0.0135342
0.0136903
0.0139453
0.0141373
0.0145634
0.0153004
0.0154745
0.0156305
0.0157956
0.0160506
0.0162966
0.0165776
0.0167997
0.0169467
0.0172768
0.0175498
0.0177128
0.0179828
0.0182548
0.0184019
0.0185579
0.018922
0.019315
0.019462
0.0196181
0.0198641
0.0200742
0.0202372
0.0203842
0.0206902
0.0209482
0.0211583
0.0215203
0.0218513
0.0221193
0.0223863
0.0226594
0.0234664
0.0236225
0.0238325
0.0253745
0.00384553
0.00623596
0.00660202
0.00691406
0.00709713
0.00732518
0.00748122
0.00762825
0.00780229
0.00795832
0.00813235
0.00830639
0.00845344
0.00868148
0.00901153
0.00917657
0.00976505
0.0101041
0.0102961
0.0105512
0.0109082
0.0111363
0.0115023
0.0121454
0.0124184
0.0126105
0.0128925
0.0130395
0.0132495
0.0134686
0.00988734
0.0105835
0.0107395
0.0110516
0.0114176
0.0120257
0.0122447
0.0128198
0.0132248
0.0133719
0.0135729
0.0137739
0.014231
0.014498
0.014753
0.014936
0.015173
0.0154281
0.0156561
0.0158571
0.0160672
0.0162322
0.0164422
0.0167043
0.0169933
0.0173213
0.0174894
0.0177624
0.0179184
0.0180925
0.0182935
0.0185486
0.0188926
0.0192096
0.0193656
0.0201026
0.0203846
0.0205407
0.0209068
0.0210898
0.0213678
0.0216048
0.0217699
0.0220569
0.0222809
0.022911
0.00176333
0.00552708
0.00584915
0.00680332
0.00722336
0.00761642
0.00803646
0.0082285
0.00853855
0.00869458
0.00891362
0.00930669
0.00957972
0.00974475
0.00989178
0.0101558
0.0103479
0.010513
0.010687
0.010879
0.0115761
0.012165
0.0123301
0.0125941
0.0128401
0.0130681
0.0132602
0.0135152
0.0137343
0.0139803
0.00910874
0.0099589
0.0105199
0.010685
0.010859
0.0113531
0.0121562
0.0123483
0.0125763
0.0128314
0.0129874
0.0131704
0.0134254
0.0135725
0.0138275
0.0141015
0.0145335
0.0146805
0.0149666
0.0153986
0.0156066
0.0158797
0.0161257
0.0164918
0.0168938
0.0171038
0.0181659
0.0184299
0.0186399
0.019006
0.019305
0.019581
0.019941
0.020109
0.0203911
0.0206461
0.0208381
0.0210211
0.0212312
0.0213872
0.0217722
0.0219403
0.0220963
0.0223413
0.0225183
0.0232254
0.00589358
0.00741789
0.00765493
0.00785596
0.00807501
0.0084951
0.00872312
0.00887913
0.00933615
0.00954618
0.0097922
0.0100742
0.0103473
0.0106203
0.0108664
0.0111214
0.0113944
0.0115415
0.0117245
0.0119976
0.0122706
0.0124176
0.0130537
0.0132007
0.0133657
0.0135398
0.0137589
0.0139509
0.014134
0.015246
0.0118248
0.0121619
0.0125809
0.012977
0.013178
0.0134241
0.0136611
0.0139252
0.0143093
0.0146943
0.0149883
0.0151533
0.0155104
0.0158225
0.0162335
0.0164436
0.0166896
0.0168636
0.0171006
0.0173647
0.0175567
0.0177217
0.0179767
0.0181778
0.0184638
0.0187468
0.0191208
0.0193428
0.0195869
0.0198059
0.0199779
0.0201519
0.020353
0.020617
0.020854
0.021127
0.021426
0.0216301
0.0218671
0.0227002
0.0229822
0.0232192
0.0234752
0.0237332
0.0239793
0.0241353
0.00498524
0.00701147
0.00737753
0.00809268
0.00851274
0.00869577
0.00884282
0.00904387
0.00941896
0.009593
0.0101421
0.0105352
0.0108082
0.0110182
0.0113483
0.0115043
0.0117593
0.0121704
0.0123354
0.0130125
0.0132225
0.0134235
0.0136516
0.0138886
0.0140357
0.0142817
0.0145368
0.0146928
0.0149568
0.0151759
0.00775018
0.00807822
0.00922039
0.0118425
0.0120375
0.0137649
0.0141309
0.0144519
0.0148
0.015064
0.016328
0.0165651
0.0167751
0.0170212
0.0173352
0.0175212
0.0178012
0.0180293
0.0183113
0.0186414
0.0189714
0.0191634
0.0193105
0.0194755
0.0197995
0.0201586
0.0204436
0.0208126
0.0211136
0.0213867
0.0215697
0.0219777
0.0221368
0.0222838
0.0224399
0.0226319
0.022896
0.023142
0.023424
0.023625
0.0238711
0.0240271
0.0243091
0.0245012
0.0254042
0.0256872
0.00564611
0.00642625
0.00725142
0.00762654
0.00787259
0.00848565
0.0086507
0.00937277
0.00977583
0.00994087
0.0102229
0.0104509
0.0106789
0.010916
0.011126
0.0119541
0.0121191
0.0122932
0.0125032
0.0126952
0.0129413
0.0131423
0.0133163
0.0135173
0.0137094
0.0138744
0.0141385
0.0144115
0.0146215
0.0147686
0.00822965
0.0109978
0.0111539
0.0113009
0.0120161
0.0122171
0.0123912
0.0125472
0.0132253
0.0135464
0.0139404
0.0142255
0.0144845
0.0146525
0.0148805
0.0150276
0.0152626
0.0154186
0.0156727
0.0158497
0.0160147
0.0162518
0.0165158
0.0166628
0.0168988
0.0171658
0.0176769
0.0179229
0.0181689
0.018553
0.018734
0.018953
0.0193461
0.0195921
0.0197931
0.0200661
0.0207061
0.0208622
0.0211082
0.0214072
0.0216203
0.0217853
0.0219863
0.0221874
0.0223344
0.0243314
0.00457437
0.00495645
0.00642277
0.00693385
0.00734489
0.00768397
0.00786701
0.00838709
0.00854313
0.00879818
0.00920025
0.0100763
0.0102774
0.0104424
0.0106885
0.0110006
0.0112467
0.0115017
0.0117117
0.0119398
0.0120868
0.0124979
0.0126629
0.0129359
0.0131639
0.013428
0.013674
0.0141931
0.0143851
0.0145771
0.00883048
0.00917952
0.00980463
0.0101377
0.0103027
0.0115759
0.0118189
0.012826
0.0130031
0.0135981
0.0137812
0.0140452
0.0143843
0.0146123
0.0148674
0.0150944
0.0154054
0.0156994
0.0159364
0.0167145
0.0171076
0.0173536
0.0175546
0.0177807
0.0179637
0.0181557
0.0188287
0.0190027
0.0191658
0.0193758
0.0195409
0.0197869
0.019988
0.021281
0.0215091
0.0217191
0.0219921
0.0222292
0.0224572
0.0227212
0.0229942
0.0231953
0.0234473
0.0236243
0.0237984
0.0253684
0.00576761
0.00606168
0.00638572
0.00705287
0.00757497
0.00793203
0.00817805
0.00835208
0.00873618
0.00894623
0.00917424
0.00933027
0.00957633
0.00978637
0.0100234
0.0105915
0.0109945
0.0111865
0.0114506
0.0117146
0.0119157
0.0121077
0.0125278
0.0127378
0.0129569
0.0131759
0.0134399
0.013641
0.013896
0.014418
0.0117654
0.0125045
0.0126606
0.0137707
0.0139387
0.0153508
0.0156619
0.0158839
0.0160849
0.0162479
0.0164309
0.016614
0.016806
0.016998
0.0171811
0.0175291
0.0177392
0.0179402
0.0181032
0.0183222
0.0184783
0.0186973
0.0189703
0.0194214
0.0197064
0.0200545
0.0203855
0.0206136
0.0211706
0.0213896
0.0216177
0.0217987
0.0220357
0.0222547
0.0224107
0.0226568
0.0229778
0.0232448
0.0235599
0.0237639
0.0239739
0.0247869
0.0251519
0.025365
0.0277981
0.0295381
0.00573827
0.00626536
0.00682344
0.00715347
0.00750154
0.00767558
0.00790361
0.00813164
0.00848871
0.00890877
0.00915483
0.00931986
0.00954791
0.00978497
0.01004
0.0103791
0.0105981
0.0108622
0.0110362
0.0112372
0.0118442
0.0121083
0.0123183
0.0125284
0.0127834
0.0129664
0.0131944
0.0134045
0.0135785
0.0137345
0.00733938
0.0074954
0.00859051
0.0101217
0.0108617
0.0116669
0.0121689
0.012397
0.012866
0.0132171
0.0134181
0.0135832
0.0140493
0.0141963
0.0143793
0.0147103
0.0151154
0.0153615
0.0159105
0.0161385
0.0163485
0.0165766
0.0167596
0.0169876
0.0173246
0.0176967
0.0180297
0.0182217
0.0184757
0.0186667
0.0189628
0.0191098
0.0194108
0.0201028
0.0202498
0.0204869
0.0206879
0.0208799
0.021126
0.021345
0.0215281
0.0216931
0.0219751
0.0222101
0.0224022
0.0226392
0.00569338
0.0077157
0.00803076
0.00857082
0.00898187
0.00920989
0.00938391
0.00953993
0.00982196
0.00999601
0.0101521
0.0103981
0.0105631
0.0107192
0.0109202
0.0111752
0.0113853
0.0115683
0.0120004
0.0122284
0.0126335
0.0127985
0.0129816
0.0131286
0.0133117
0.0135037
0.0136688
0.0138788
0.0141158
0.0149649
0.00700525
0.00784033
0.0102457
0.0110729
0.012229
0.01266
0.012888
0.0142591
0.0145412
0.0148312
0.0150082
0.0152782
0.0154733
0.0164143
0.0166733
0.0170113
0.0172694
0.0176444
0.0178905
0.0181365
0.0183015
0.0185746
0.0188026
0.0189586
0.0191146
0.0192977
0.0196907
0.0199097
0.0201108
0.0203118
0.0205129
0.0207859
0.0210679
0.0213139
0.0215759
0.021822
0.021987
0.0222061
0.0223981
0.0226801
0.0229241
0.0231521
0.0234802
0.0236572
0.0244092
0.0246362
0.00537925
0.00666153
0.00718362
0.00752969
0.00793177
0.00811482
0.00859684
0.00897286
0.00919188
0.0094379
0.00982195
0.010059
0.010251
0.0105151
0.0107251
0.0108991
0.0111092
0.0113912
0.0116733
0.0118384
0.0120304
0.0121775
0.0124235
0.0126695
0.0128436
0.0131076
0.0132996
0.0134557
0.0136477
0.0142508
0.0112656
0.0116706
0.0118536
0.0122287
0.0126397
0.0130238
0.0133538
0.0135729
0.0137649
0.014167
0.014497
0.0149051
0.0151091
0.0153351
0.0161973
0.0163624
0.0166084
0.0168184
0.0170464
0.0172114
0.0174305
0.0176945
0.0178846
0.0181806
0.0183816
0.0185557
0.0187297
0.0189757
0.0192367
0.0195968
0.0198518
0.0200168
0.0209928
0.0211399
0.0214909
0.0216769
0.0220549
0.0222319
0.022469
0.022632
0.022869
0.0230701
0.0233751
0.0235341
0.0238072
0.0240623
0.00456327
0.00553349
0.00632462
0.00708676
0.0074378
0.00779488
0.00798689
0.00813391
0.00840696
0.00875505
0.00914813
0.00935817
0.00951422
0.0102072
0.0104353
0.0106453
0.0109183
0.0110653
0.0113114
0.0115845
0.0117675
0.0120135
0.0122955
0.0124516
0.0126976
0.0130277
0.0131747
0.0133937
0.0135408
0.0141618
0.00979147
0.0101935
0.0114648
0.0118918
0.0120568
0.0122759
0.012841
0.0133991
0.0136481
0.0138521
0.0140892
0.0150702
0.0152292
0.0154032
0.0156632
0.0159242
0.0161463
0.0163383
0.0165933
0.0173184
0.0175734
0.0182945
0.0188635
0.0191185
0.0193736
0.0196196
0.0198476
0.0200397
0.0202207
0.0204407
0.0206357
0.0208997
0.0211617
0.0214168
0.0216268
0.0219089
0.0221099
0.022356
0.02262
0.0227851
0.0230311
0.0232951
0.0235411
0.0238191
0.0240872
0.0253892
0.00754956
0.0076966
0.00788866
0.00833875
0.00849478
0.00875881
0.00912486
0.00976992
0.00998894
0.010355
0.010556
0.0107751
0.0109851
0.0113512
0.0116242
0.0118253
0.0120083
0.0122454
0.0124194
0.0126654
0.0128395
0.0131215
0.0132776
0.0136256
0.0137817
0.0141477
0.0148647
0.0151198
0.0153928
0.0156389
0.00739538
0.00754242
0.00872857
0.0100177
0.0103658
0.0105488
0.011356
0.0115301
0.0119141
0.0122532
0.0127842
0.0130013
0.0134873
0.0139273
0.0140744
0.0150024
0.0152594
0.0155354
0.0157905
0.0160965
0.0163185
0.0164835
0.0166486
0.0168206
0.0169836
0.0171576
0.0173316
0.0176137
0.0180067
0.0182497
0.0188718
0.0190368
0.0192648
0.0194569
0.0196849
0.0199309
0.020078
0.02036
0.0205961
0.0208301
0.0210681
0.0212511
0.0214431
0.0219831
0.0239582
0.0247383
0.00460927
0.00767161
0.00793069
0.00810473
0.00860281
0.00875887
0.0089239
0.00908892
0.00923596
0.00957504
0.0100521
0.0101992
0.0104182
0.0106823
0.0109013
0.0110663
0.0112404
0.0114594
0.0120864
0.0123415
0.0126055
0.0127975
0.0129446
0.0132266
0.0134816
0.0136287
0.0140108
0.0142568
0.0144578
0.0149259
0.00929945
0.0124558
0.0127288
0.0132039
0.0134439
0.0139329
0.014173
0.014539
0.014731
0.0149231
0.0150701
0.0153162
0.0154902
0.0156373
0.0158113
0.0160483
0.0163413
0.0166844
0.0168704
0.0171254
0.0174444
0.0176664
0.0178675
0.0181315
0.0183056
0.0185736
0.0188676
0.0191386
0.0193936
0.0197467
0.0202497
0.0206238
0.0207888
0.0209898
0.0212359
0.0215089
0.0217369
0.021992
0.022211
0.022484
0.022658
0.0228051
0.0229701
0.0231691
0.0233341
0.0235802
0.00423899
0.00549822
0.0066715
0.00744159
0.00781666
0.00799069
0.0085488
0.00873182
0.00897787
0.00933492
0.00958095
0.00994698
0.010193
0.0103671
0.0105321
0.0107241
0.0109792
0.0112342
0.0114082
0.0116543
0.0119273
0.0121284
0.0123925
0.0125485
0.0128036
0.0134936
0.0136496
0.0138417
0.0141237
0.0144058
0.00649441
0.010658
0.01138
0.011764
0.0119741
0.0124151
0.0125802
0.0127722
0.0129642
0.0132103
0.0135683
0.0138584
0.0141524
0.0143354
0.0145094
0.0147104
0.0148665
0.0150585
0.0152505
0.0155625
0.0157666
0.0160486
0.0162406
0.0164957
0.0166697
0.0168347
0.0170178
0.0171648
0.0173928
0.0177409
0.0179509
0.018098
0.018352
0.018708
0.0188761
0.0190411
0.0192971
0.0195281
0.0196842
0.0204702
0.0206622
0.0209513
0.0212043
0.0215283
0.0218213
0.0219983
0.00405716
0.00645255
0.00661758
0.00713972
0.00740378
0.00757782
0.00797089
0.00818093
0.00844499
0.00876605
0.00915009
0.00931513
0.00950717
0.0106973
0.0109703
0.0111444
0.0113274
0.0116004
0.0118374
0.0120655
0.0122125
0.0123955
0.0126145
0.0128515
0.0131246
0.0133166
0.0134907
0.0137457
0.0140188
0.0142469
0.00766836
0.00866344
0.00983358
0.0111037
0.0113228
0.0114698
0.0118449
0.0119919
0.012148
0.012515
0.012698
0.0130461
0.0134301
0.0136672
0.0138682
0.0140422
0.0142343
0.0146864
0.0148424
0.0152355
0.0155995
0.0157736
0.0159726
0.0179066
0.0180926
0.0182846
0.0185037
0.0186777
0.0189237
0.0191637
0.0194577
0.0196768
0.0198328
0.0200138
0.0201608
0.0203939
0.0205679
0.0208049
0.0210779
0.021297
0.021498
0.021858
0.022216
0.02251
0.0227291
0.0229932
0.00602936
0.00632341
0.00699254
0.00732961
0.00760264
0.00816073
0.00849985
0.00874592
0.00890195
0.00918398
0.009349
0.00996804
0.0101601
0.0105622
0.0112392
0.0116323
0.0118063
0.0122084
0.0124094
0.0126194
0.0127664
0.0129135
0.0131595
0.0133515
0.0135886
0.0137986
0.0140537
0.0142007
0.0149178
0.0151818
0.00717906
0.0095983
0.0104304
0.0109255
0.0112196
0.0113847
0.0116397
0.0124718
0.0132298
0.0135029
0.0136859
0.0140879
0.014499
0.014716
0.014947
0.015106
0.0153611
0.0156391
0.0158941
0.0163352
0.0167372
0.0169652
0.0172683
0.0175443
0.0177453
0.0179284
0.0181884
0.0184284
0.0188035
0.0190765
0.0193405
0.0195865
0.0205635
0.0211136
0.0213686
0.0215877
0.0218247
0.0221917
0.0223957
0.0225788
0.0227258
0.0229358
0.0232068
0.0234259
0.0236269
0.0237739
0.00675931
0.00714334
0.00729938
0.00757241
0.00864466
0.0088277
0.00897472
0.00915774
0.00931378
0.00953283
0.00989887
0.0101809
0.010382
0.010574
0.0107841
0.0109401
0.0111772
0.0113512
0.0115343
0.0117623
0.0119363
0.0120834
0.0122844
0.0129994
0.0132544
0.0134014
0.0136115
0.0137675
0.0139866
0.0141786
0.0103716
0.0107107
0.0111107
0.0114027
0.0115977
0.0124669
0.0126409
0.0128689
0.0130519
0.013454
0.0139861
0.0141541
0.0143101
0.0145292
0.0147122
0.0149402
0.0151143
0.0153223
0.0155773
0.0157583
0.0161784
0.0163434
0.0166694
0.0169274
0.0171195
0.0175215
0.0177496
0.0179687
0.0184197
0.0192577
0.0194408
0.0201138
0.0203918
0.0205658
0.0208699
0.0210289
0.0214069
0.0216649
0.02183
0.0219861
0.0221961
0.0223431
0.0225801
0.0228882
0.0231462
0.0234012
0.00791062
0.0083307
0.00851375
0.0090088
0.00915582
0.00943784
0.00984889
0.0101129
0.010323
0.010587
0.0108061
0.0110251
0.0112802
0.0114453
0.0116463
0.0119193
0.0121203
0.0123844
0.0125584
0.0127955
0.0130325
0.0131975
0.0134076
0.0136716
0.0139266
0.0141997
0.0150517
0.0152257
0.0153907
0.0156458
0.0104505
0.0107985
0.0114316
0.0122126
0.0125967
0.0131008
0.0133949
0.0136619
0.0139289
0.014076
0.014469
0.014742
0.0149791
0.0152231
0.0155521
0.0157382
0.0161582
0.0163412
0.0165513
0.0168243
0.0169713
0.0173443
0.0176924
0.0178484
0.0180224
0.0181965
0.0184695
0.0186776
0.0188876
0.0191046
0.0202777
0.0205977
0.0207837
0.0209937
0.0212307
0.0215368
0.0219138
0.0221868
0.0223548
0.0225828
0.0227479
0.0229939
0.0232759
0.0234769
0.023895
0.024516
0.0068874
0.00703443
0.00720847
0.00735552
0.00756558
0.00772163
0.00821471
0.00844275
0.00895587
0.0091299
0.00933092
0.00958593
0.00981395
0.00998799
0.010234
0.0103901
0.0105642
0.0107922
0.0110383
0.0112303
0.0114313
0.0118424
0.0126435
0.0128355
0.0130545
0.0132466
0.0134206
0.0139966
0.0149807
0.0168558
0.0111005
0.0117937
0.0123347
0.0125088
0.0126558
0.0131959
0.0134059
0.013679
0.013943
0.0141621
0.0147161
0.0149801
0.0151682
0.0153992
0.0155802
0.0157632
0.0159902
0.0161853
0.0163953
0.0166773
0.0169053
0.0170524
0.0172354
0.0174094
0.0176555
0.0179395
0.0181435
0.0183176
0.0185996
0.0187736
0.0189686
0.0192266
0.0194546
0.0196827
0.0204687
0.0207057
0.0209428
0.0211348
0.0213269
0.0215009
0.021702
0.0218491
0.0221221
0.0223681
0.0227531
0.0231161
0.00263162
0.00674647
0.00689351
0.00737956
0.0075356
0.00777264
0.00794667
0.00813869
0.00848677
0.00884185
0.00921691
0.00943595
0.009628
0.00990103
0.0102671
0.0105311
0.0106962
0.0109242
0.0111703
0.0113353
0.0115544
0.0125275
0.0127015
0.0129475
0.0131846
0.0133946
0.0135867
0.0138237
0.0140157
0.0141628
0.00539759
0.007503
0.00861318
0.00876926
0.0095134
0.0099885
0.0104086
0.0110886
0.0113146
0.0117256
0.0119897
0.0125807
0.0129857
0.0133338
0.0146998
0.0149279
0.0152009
0.015522
0.01607
0.016301
0.0165941
0.0169631
0.0172001
0.0175762
0.0178962
0.0181452
0.0186202
0.0189143
0.0190883
0.0193583
0.0195763
0.0197864
0.0199604
0.0201165
0.0203355
0.0204915
0.0207376
0.0209456
0.0211286
0.0213206
0.0216076
0.0222107
0.0224657
0.0226487
0.0229217
0.0272718
0.00585498
0.00638704
0.00668111
0.00721513
0.00746115
0.00763519
0.0080553
0.00824735
0.00861339
0.00886841
0.00928845
0.00979948
0.0100635
0.0103365
0.0105556
0.0108886
0.0113547
0.0115647
0.0117477
0.0122118
0.0123948
0.0125689
0.0128149
0.013034
0.013199
0.0133551
0.0135561
0.0137572
0.0139582
0.0153743
0.00731472
0.00793475
0.0101311
0.0105061
0.0111132
0.0116452
0.0119472
0.0125173
0.0129353
0.0132654
0.0136855
0.0139495
0.0142226
0.0143696
0.0145257
0.0147357
0.0151448
0.0153908
0.0156008
0.0170319
0.0174669
0.0176259
0.017872
0.018386
0.01859
0.0187731
0.0189561
0.0192361
0.0194352
0.0196812
0.0199002
0.0201552
0.0203203
0.0205033
0.0208023
0.0209973
0.0211443
0.0213454
0.0215734
0.0218464
0.0220475
0.0224005
0.0225685
0.0228416
0.0229886
0.0234656
0.00347251
0.00661996
0.00676701
0.00698607
0.00718713
0.0075082
0.00771822
0.00792824
0.00809327
0.00826732
0.00845937
0.0090424
0.00922547
0.00940855
0.0095646
0.00979264
0.0100657
0.0102127
0.0103688
0.0105518
0.0107528
0.0109988
0.0112088
0.0114099
0.0120549
0.0122469
0.012412
0.012649
0.012895
0.0142661
0.0158972
0.0160712
0.0167532
0.0170173
0.0172093
0.0175203
0.0177923
0.0179663
0.0181134
0.0183324
0.0187255
0.0188906
0.0192836
0.0196406
0.0200157
0.0201717
0.0204268
0.0206638
0.0208628
0.0211448
0.0213819
0.0216099
0.0218699
0.0221189
0.022392
0.022611
0.022884
0.0231261
0.0235111
0.0237421
0.0239252
0.0241082
0.0243002
0.0244562
0.0246033
0.0248133
0.0250324
0.0252694
0.0255424
0.0258804
0.0260485
0.0267885
0.0269445
0.0271485
0.0275296
0.0276976
0.00282414
0.00706391
0.00753202
0.00785308
0.00820815
0.00856521
0.00872123
0.00894026
0.00912329
0.00939631
0.00981638
0.00996342
0.0102365
0.0104825
0.0106296
0.0108486
0.0110227
0.0112057
0.0117498
0.0119508
0.0121069
0.0123799
0.0125989
0.012863
0.013091
0.0133101
0.0135471
0.0137032
0.0138862
0.0141232
0.0107538
0.0111289
0.011949
0.01265
0.0128061
0.0133102
0.0135383
0.0137303
0.0140423
0.0142524
0.0144624
0.0147444
0.0149094
0.0151195
0.0153746
0.0158946
0.0161316
0.0163687
0.0165157
0.0166987
0.0169537
0.0171007
0.0172478
0.0175368
0.0177108
0.0179389
0.0183129
0.0186609
0.0190649
0.0193479
0.019549
0.019766
0.01994
0.020114
0.0203331
0.0205251
0.0208071
0.0210871
0.0218772
0.0221292
0.0223942
0.0226672
0.0229042
0.0230693
0.0233633
0.0255384
0.0047652
0.00537232
0.00677152
0.00712863
0.00753067
0.00818771
0.00834375
0.00849978
0.00968601
0.010134
0.0105271
0.0106921
0.0109021
0.0110492
0.0113312
0.0116133
0.0117963
0.0120064
0.0122434
0.0124715
0.0127175
0.0129005
0.0131375
0.0133386
0.0140317
0.0142418
0.0145238
0.0146799
0.0148899
0.0154659
0.0153559
0.015611
0.015794
0.0163501
0.0165061
0.0167162
0.0168722
0.0170192
0.0172473
0.0175113
0.0176854
0.0178864
0.0180784
0.0182435
0.0184805
0.0187445
0.0189795
0.0191806
0.0193636
0.0195916
0.0198636
0.0201897
0.0205077
0.0206937
0.0208587
0.0210327
0.0212818
0.0214858
0.0217678
0.0220239
0.0222549
0.0224199
0.0226729
0.0229369
0.023183
0.02342
0.023635
0.023887
0.0241271
0.0243011
0.0245891
0.0248202
0.0252312
0.0254952
0.0256513
0.0264223
0.00625349
0.00666255
0.0068726
0.00701965
0.00717569
0.00742176
0.00761381
0.00777885
0.00846602
0.00878708
0.00941211
0.00963115
0.00980518
0.0100152
0.0101983
0.0103903
0.0106003
0.0108464
0.0109934
0.0112394
0.0114494
0.0117045
0.0119325
0.0121155
0.0122806
0.0124636
0.0127097
0.0128657
0.0131478
0.0133758
0.00497188
0.00515495
0.00572604
0.0061091
0.0102546
0.0106116
0.0109687
0.0111427
0.0115358
0.0118178
0.0126739
0.0128569
0.013049
0.0134151
0.0136071
0.0140081
0.0168762
0.0174892
0.0176542
0.0179363
0.0182063
0.0185003
0.0186654
0.0188284
0.0190114
0.0192914
0.0194565
0.0196935
0.0199575
0.0201496
0.0204456
0.0206466
0.0209196
0.0211206
0.0213306
0.0215417
0.0219097
0.0221677
0.0225147
0.0229468
0.0231118
0.0233938
0.0236219
0.0238679
0.024141
0.0246
0.00765147
0.00787949
0.00811651
0.0091077
0.00929076
0.0095098
0.00978285
0.0100469
0.010311
0.010485
0.010767
0.0110221
0.0112141
0.0114422
0.0116882
0.0119252
0.0123182
0.0125283
0.0126843
0.0129303
0.0135013
0.0136754
0.0139484
0.0141855
0.0146056
0.0148246
0.0150796
0.0153527
0.0158567
0.0192078
0.0126845
0.0130845
0.0134956
0.0137146
0.0140517
0.0141987
0.0144247
0.0146977
0.0148808
0.0152918
0.0154929
0.0157749
0.0160149
0.0162459
0.016438
0.0166971
0.0168741
0.0171371
0.0173211
0.0174862
0.0176872
0.0179332
0.0180983
0.0183793
0.0186733
0.0189283
0.0193704
0.0199814
0.0201284
0.0202934
0.0206085
0.0208035
0.0209595
0.0211156
0.0213526
0.0215266
0.0217637
0.0220467
0.0223047
0.0224517
0.0226867
0.0229148
0.0236928
0.0239388
0.0242099
0.0244019
0.0063801
0.00762427
0.0078433
0.00811634
0.00831739
0.0086655
0.00922159
0.00945862
0.00970464
0.00992366
0.0101607
0.0103347
0.0105357
0.0107458
0.0109198
0.0111118
0.0113849
0.0116489
0.011832
0.012024
0.0122341
0.0128791
0.0130441
0.0132542
0.0134552
0.0137373
0.0139293
0.0141124
0.0143584
0.0145505
0.0103301
0.0105491
0.0110892
0.0112812
0.0114822
0.0116293
0.0119774
0.0124044
0.0129004
0.0130565
0.0134225
0.0135786
0.0137976
0.0139447
0.0141367
0.0143177
0.0147287
0.0149028
0.0153138
0.0155149
0.0158049
0.0159819
0.0161649
0.016366
0.016793
0.017003
0.017177
0.0175161
0.0176631
0.0178552
0.0180912
0.0182502
0.0184152
0.0186163
0.0197653
0.0200383
0.0202933
0.0204674
0.0206754
0.0208404
0.0211934
0.0214615
0.0217555
0.0222925
0.0225745
0.0228055
0.0066679
0.00681493
0.00736398
0.00761001
0.00785605
0.0081021
0.00866218
0.00888122
0.00928327
0.00952032
0.00973036
0.00988638
0.0101504
0.0105355
0.0106825
0.0110965
0.0112796
0.0114446
0.0116997
0.0119727
0.0121737
0.0123478
0.0126119
0.0128939
0.0131399
0.013314
0.013551
0.013716
0.013953
0.0158461
0.00803254
0.011542
0.011761
0.012016
0.0122441
0.0123911
0.0126372
0.0135322
0.0141093
0.0143914
0.0147844
0.0151955
0.0153785
0.0156675
0.0159775
0.0162435
0.0164656
0.0167206
0.0172047
0.0173997
0.0176987
0.0179897
0.0182658
0.0184938
0.0187578
0.0189138
0.0191419
0.0193339
0.019607
0.019824
0.020061
0.020242
0.020531
0.0206961
0.0209061
0.0211431
0.0213441
0.0215632
0.0217282
0.0219833
0.0221393
0.0224213
0.0230624
0.0232544
0.0234284
0.0236074
0.00666032
0.00704736
0.00728441
0.00763246
0.00777949
0.00798051
0.00833759
0.00959474
0.00998779
0.0101978
0.0104799
0.0106269
0.0109459
0.01112
0.011393
0.0116301
0.0121851
0.0123502
0.0125062
0.0126533
0.0129084
0.0130914
0.0133734
0.0135654
0.0137575
0.0139225
0.0140965
0.0143426
0.0145616
0.0147087
0.0104643
0.0107194
0.0113795
0.0115805
0.0118176
0.0121747
0.0126487
0.0129337
0.0130898
0.0132368
0.0134559
0.0136569
0.013996
0.014188
0.01438
0.014644
0.014917
0.0151271
0.0154001
0.0155471
0.0159402
0.0161412
0.0163063
0.0165343
0.0168453
0.0170674
0.0174154
0.0175804
0.0177815
0.0180525
0.0182495
0.0184505
0.0186945
0.0189776
0.0193676
0.0195966
0.0199026
0.0207696
0.0209886
0.0212707
0.0214627
0.0216817
0.0219348
0.0222168
0.0224268
0.0227108
0.00505901
0.0054161
0.00604023
0.00655129
0.00739539
0.00779745
0.00866452
0.00892857
0.00942368
0.00966071
0.0100158
0.0102439
0.0104359
0.0106909
0.011345
0.011546
0.0117201
0.0119931
0.0121582
0.0124042
0.0125513
0.0127613
0.0129083
0.0131813
0.0133644
0.0135114
0.0136945
0.0139765
0.0141505
0.0143966
0.0118333
0.0134586
0.0137316
0.0139926
0.0143617
0.0145898
0.0148088
0.0149918
0.0152468
0.0156489
0.0157959
0.0160059
0.0162139
0.016442
0.016748
0.016941
0.017178
0.0173251
0.0175441
0.0177812
0.0179462
0.0184122
0.0188813
0.0191673
0.0194343
0.0196893
0.0198884
0.0200534
0.0202994
0.0205455
0.0207645
0.0209655
0.0213185
0.0215855
0.0218826
0.0222386
0.0225056
0.0227877
0.0229597
0.0232647
0.0234688
0.0236248
0.0238979
0.0241799
0.0243809
0.0245909
0.00415987
0.0058803
0.00628235
0.0066754
0.00705946
0.00758856
0.00795463
0.0083747
0.00854872
0.00903276
0.00919782
0.00934486
0.0095009
0.00973795
0.01002
0.010668
0.0109501
0.0112321
0.0113791
0.0115802
0.0118352
0.0120543
0.0123093
0.0125644
0.0128284
0.0130654
0.0133025
0.0134675
0.0136685
0.0144906
0.0101441
0.0113603
0.0115233
0.0120614
0.0126195
0.0130765
0.0133166
0.0134726
0.0136736
0.0139017
0.0140938
0.0143488
0.0145498
0.0147419
0.0149969
0.0152159
0.015855
0.01611
0.0163831
0.0166381
0.0168662
0.0170582
0.0172682
0.0175242
0.0177823
0.0179833
0.0181643
0.0183833
0.0186563
0.0188754
0.0193554
0.0199804
0.0201814
0.0203734
0.0206284
0.0208205
0.0210125
0.0212975
0.0214925
0.0218856
0.0222316
0.0225076
0.0227116
0.0229277
0.0235337
0.0265427
0.000669056
0.00809637
0.0082974
0.00864548
0.00892754
0.00911958
0.00928463
0.00944067
0.00969571
0.00988775
0.0101428
0.0103528
0.0105179
0.0107549
0.0109829
0.011265
0.01143
0.0116131
0.0118681
0.0121411
0.0123962
0.0126152
0.0128703
0.0130263
0.0132813
0.0135183
0.0136654
0.0138484
0.0140045
0.0145265
0.00686684
0.00731701
0.0081251
0.00990231
0.0100673
0.0106745
0.0110315
0.0114515
0.0118356
0.0122107
0.0124297
0.0128367
0.0130107
0.0134788
0.0138479
0.0141329
0.0144809
0.014637
0.014856
0.016003
0.0165432
0.0167262
0.0169183
0.0173203
0.0175393
0.0180373
0.0182204
0.0184034
0.0185664
0.0187674
0.0190494
0.0193035
0.0195435
0.0197986
0.0201676
0.0204326
0.0206516
0.0210636
0.0212227
0.0214057
0.0216338
0.0226558
0.0228758
0.0230979
0.0233439
0.0237089
0.00734024
0.00748728
0.00766132
0.00797635
0.00827943
0.00846247
0.00888057
0.00912661
0.00929165
0.00957371
0.00996679
0.0101228
0.0104708
0.0106179
0.0112819
0.0114829
0.011765
0.01193
0.012122
0.0123501
0.0125511
0.0127702
0.0129712
0.0131903
0.0138713
0.0140364
0.0141925
0.0143845
0.0145585
0.0161906
0.0100711
0.0114423
0.0117544
0.0121294
0.0126875
0.0130786
0.0134806
0.0138337
0.0142917
0.0145677
0.0148197
0.0149967
0.0152347
0.0154838
0.0157209
0.0159309
0.0163419
0.016489
0.01669
0.0168731
0.0170831
0.0172302
0.0173952
0.0177612
0.0179082
0.0181813
0.0192753
0.0194224
0.0196324
0.0197884
0.0206075
0.0209335
0.0211915
0.0213656
0.0216296
0.0218306
0.0220856
0.0223587
0.0226407
0.0229147
0.0231417
0.0234877
0.0237278
0.0239378
0.0240938
0.0243218
0.00718332
0.00752239
0.00766944
0.00833255
0.00855158
0.00875261
0.00931067
0.00956569
0.00974873
0.0101058
0.0102709
0.0105259
0.010745
0.0109551
0.0111381
0.0114111
0.0115581
0.0118401
0.0121132
0.0123322
0.0124973
0.0131763
0.0133593
0.0136414
0.0139234
0.0141334
0.0143434
0.0144995
0.0147005
0.0148746
0.00855409
0.00905817
0.00952623
0.00972726
0.0101113
0.0102943
0.0108075
0.0117696
0.0135147
0.0138987
0.0141447
0.0145468
0.0147208
0.0148769
0.0150599
0.015297
0.015561
0.0157531
0.0164351
0.0166002
0.0168372
0.0170503
0.0172183
0.0176273
0.0178373
0.0181204
0.0183244
0.0185774
0.0187424
0.0189704
0.0192075
0.0194805
0.0197445
0.0200435
0.0202475
0.0205256
0.0207626
0.0210447
0.0213957
0.0216697
0.0218887
0.0221527
0.0223927
0.0225947
0.0228228
0.0234848
0.00654712
0.0070852
0.00729523
0.00764129
0.0078423
0.00822438
0.00876451
0.00908558
0.00934061
0.00959563
0.00987767
0.0105077
0.0107447
0.0109908
0.0111918
0.0114018
0.0116389
0.0118669
0.0120319
0.012197
0.012425
0.01268
0.0129621
0.0131542
0.0134092
0.0136372
0.0138743
0.0141383
0.0143394
0.0146214
0.0098911
0.0102821
0.0106912
0.0111122
0.0114693
0.0117613
0.0121573
0.0123944
0.0126224
0.0139135
0.0141715
0.0143996
0.0146636
0.0148557
0.0150747
0.0153307
0.0155528
0.0157718
0.0161468
0.0164199
0.0166979
0.016908
0.017082
0.017283
0.01743
0.0176311
0.0178591
0.0181241
0.0184152
0.0186012
0.0188202
0.0190483
0.0192313
0.0194933
0.0197663
0.0199673
0.0202314
0.0211864
0.0214154
0.0216284
0.0218545
0.0220195
0.0225405
0.0227155
0.0233456
0.0245096
0.00592506
0.00702932
0.00737741
0.00777054
0.00797159
0.00813662
0.00832866
0.00850268
0.00870369
0.00885071
0.00921677
0.00940881
0.00958284
0.00975686
0.0099579
0.0102219
0.010486
0.010696
0.0113211
0.0115041
0.0118162
0.0120082
0.0122362
0.0124823
0.0126563
0.0129114
0.0131484
0.0134124
0.0135955
0.0142795
0.0116843
0.0129274
0.0133444
0.0135035
0.0136865
0.0140975
0.0149176
0.0151187
0.0153468
0.0156268
0.0158728
0.0161099
0.0162569
0.0164849
0.0166949
0.0168419
0.017095
0.017401
0.017569
0.0177431
0.0179811
0.0182121
0.0183771
0.0185512
0.0188062
0.0190172
0.0192302
0.0193772
0.0198793
0.0201263
0.0204073
0.0206623
0.0209444
0.0212084
0.0214184
0.0216375
0.0219615
0.0222465
0.0224475
0.0231316
0.0233596
0.0236056
0.0237976
0.0240866
0.0243057
0.0250197
0.00430788
0.00598627
0.00640633
0.00657135
0.00712042
0.00727644
0.00749549
0.00771454
0.00787956
0.00803559
0.00820961
0.00836563
0.00875868
0.00913373
0.00934379
0.00949083
0.00988393
0.010613
0.0108861
0.0111501
0.0113241
0.0115882
0.0118252
0.0120263
0.0121913
0.0123743
0.0125394
0.0127764
0.0129684
0.0131245
0.0117643
0.0119324
0.0120974
0.0123524
0.0128045
0.0131445
0.0134115
0.0136305
0.0138206
0.0140756
0.0142497
0.0144057
0.0146518
0.0150178
0.0152549
0.015483
0.015711
0.01593
0.016176
0.016377
0.0166501
0.0167971
0.0169891
0.0172351
0.0174361
0.0176632
0.0178852
0.0181222
0.0183413
0.0185853
0.0187324
0.0189334
0.0193274
0.0196024
0.0198875
0.0201155
0.0203055
0.0205945
0.0208496
0.0211316
0.0213236
0.0214886
0.0216447
0.0223567
0.0227507
0.0229907
0.00575915
0.00591519
0.0070184
0.00717444
0.00736649
0.00805663
0.00846171
0.00864476
0.00883678
0.00907381
0.00933784
0.00955688
0.00992994
0.010131
0.010377
0.010542
0.0107071
0.0109261
0.0110731
0.0112471
0.0114391
0.0119852
0.0121772
0.0123692
0.0125523
0.0127083
0.0128824
0.0130834
0.0133475
0.0144216
0.0125804
0.0128174
0.0129825
0.0132015
0.0134906
0.0137806
0.0140026
0.0141947
0.0144047
0.0154649
0.0157019
0.015876
0.016032
0.016294
0.016678
0.016861
0.017097
0.0175621
0.0178471
0.0181451
0.0183732
0.0185742
0.0188382
0.0191862
0.0193963
0.0196783
0.0198523
0.0201404
0.0204354
0.0206034
0.0207684
0.0209605
0.0211255
0.0213985
0.0216446
0.0218726
0.0221276
0.0223737
0.0230827
0.0233107
0.0235208
0.0237939
0.0239679
0.024147
0.024432
0.024633
0.00564317
0.00757836
0.0077974
0.00795344
0.00817247
0.00850055
0.00891161
0.00913065
0.00941269
0.00964076
0.00990482
0.0101239
0.0102889
0.010535
0.011223
0.01137
0.0115981
0.0117811
0.0120091
0.0123662
0.0125492
0.0127952
0.0129963
0.0132063
0.0134793
0.0136354
0.0137914
0.0140374
0.0142655
0.0148055
0.0102304
0.0120245
0.0121715
0.0124445
0.0126815
0.0129186
0.0133387
0.0135817
0.0138307
0.0142308
0.0144858
0.0147318
0.0149059
0.0151249
0.0152899
0.0154549
0.0157099
0.015947
0.016148
0.0163671
0.0165681
0.0168231
0.0170781
0.0173182
0.0175672
0.0177482
0.0178952
0.0181143
0.0183603
0.0186953
0.0189533
0.0191814
0.0194034
0.0195894
0.0198715
0.0201005
0.0203315
0.0205416
0.0208176
0.0211026
0.0212857
0.0214507
0.0216157
0.0218258
0.0226058
0.0228158
0.00777332
0.00792936
0.00816638
0.0083494
0.00861343
0.00886846
0.00905148
0.00921652
0.00949856
0.00984662
0.00999367
0.0102577
0.0104858
0.0107138
0.0108698
0.0110348
0.0112539
0.0114729
0.0117459
0.0119199
0.0121209
0.012277
0.0124601
0.0126071
0.0127632
0.0129912
0.0132373
0.0134024
0.0135584
0.0141075
0.00172487
0.0103901
0.0105552
0.0108602
0.0110343
0.0111813
0.0113463
0.0115204
0.0119134
0.0124355
0.0127655
0.0130445
0.0133516
0.0137256
0.0141766
0.0143866
0.0146307
0.0147777
0.0150238
0.0154438
0.0156538
0.0162278
0.0167569
0.0169759
0.0171679
0.0174319
0.017714
0.01796
0.018242
0.0186351
0.0188462
0.0191042
0.0193142
0.0194612
0.0197053
0.0199603
0.0201613
0.0204583
0.0207524
0.0217864
0.0221784
0.0225805
0.0228785
0.0230985
0.0233715
0.0248506
0.00147386
0.0071588
0.00762986
0.008299
0.00862013
0.00877618
0.00929826
0.00961032
0.0100213
0.0102854
0.0109424
0.0110895
0.0112455
0.0114915
0.0117646
0.0119836
0.0122297
0.0124667
0.0126858
0.0128688
0.0131418
0.0133159
0.0135619
0.0137539
0.013964
0.014165
0.0143931
0.0145491
0.0148221
0.0149872
0.0113609
0.0118
0.0126371
0.0127841
0.0132041
0.0134412
0.0137233
0.0141924
0.0143484
0.0145045
0.0147865
0.0149695
0.0151975
0.0154436
0.0157116
0.0159426
0.0161617
0.0163357
0.0165727
0.0167198
0.0169748
0.0172568
0.0175208
0.0177309
0.0182629
0.0184759
0.0186569
0.018831
0.018996
0.019251
0.019506
0.019758
0.019987
0.0201591
0.0203511
0.0205251
0.0207802
0.0222072
0.0224072
0.0225662
0.0228033
0.0230803
0.0234133
0.0236173
0.0238274
0.0240554
0.00358128
0.00609068
0.00669683
0.00722888
0.00742991
0.00776894
0.00791598
0.00809901
0.00828203
0.00860309
0.00880415
0.00904122
0.00919727
0.00955433
0.00987537
0.0100584
0.0102504
0.0109185
0.0111735
0.0113476
0.0116296
0.0118127
0.0120317
0.0122148
0.0124158
0.0126618
0.0128178
0.0130729
0.013394
0.013961
0.0100386
0.0111456
0.0113916
0.0120457
0.0122768
0.0126339
0.013
0.013416
0.013683
0.0141781
0.0144331
0.0145981
0.0147992
0.0150002
0.0152012
0.0153662
0.0155582
0.0158613
0.0161013
0.0163533
0.0165303
0.0170684
0.0177344
0.0179174
0.0181365
0.0182835
0.0184845
0.0186405
0.0188956
0.0190697
0.0192707
0.0195438
0.0199018
0.0201238
0.0203428
0.0205439
0.0207179
0.0208739
0.0211299
0.021415
0.02171
0.021939
0.022104
0.0222781
0.0225421
0.0227861
0.00503912
0.00732354
0.0074886
0.00765363
0.00812902
0.00833906
0.00868715
0.00973324
0.00988027
0.0100363
0.0102283
0.0104744
0.0106754
0.0108675
0.0110775
0.0113145
0.0115786
0.0117616
0.0120166
0.0122086
0.0124546
0.0126377
0.0129107
0.0131298
0.0134118
0.0136038
0.0138859
0.0140419
0.014708
0.015395
0.00991869
0.0100747
0.0103857
0.0106528
0.0117649
0.012185
0.0126711
0.0130371
0.0132471
0.0135842
0.0137852
0.0139502
0.0143613
0.0145173
0.0147253
0.0149264
0.0151544
0.0153644
0.0161165
0.0162995
0.0165815
0.0168546
0.0170856
0.0175247
0.0177527
0.0179447
0.0182267
0.0185578
0.0187528
0.0189798
0.0193319
0.0196259
0.0197999
0.0200009
0.020256
0.020493
0.020658
0.020895
0.0210961
0.0212611
0.0215571
0.0217701
0.0219712
0.0225922
0.0235853
0.0248124
0.00670551
0.00692455
0.00707158
0.00739266
0.00756669
0.00789679
0.00824487
0.00849992
0.00865596
0.00884802
0.00908507
0.00924112
0.00940615
0.00964318
0.00992521
0.0101352
0.0106713
0.0108183
0.0111664
0.0114124
0.0116224
0.0120335
0.0122526
0.0123996
0.0125826
0.0133086
0.0135187
0.0137737
0.0139477
0.0141488
0.00743309
0.0108465
0.0111676
0.0113147
0.0116137
0.0119917
0.0121928
0.0123398
0.0126038
0.0128229
0.0137269
0.014129
0.01462
0.014851
0.0150871
0.0152911
0.0154741
0.0157112
0.0159032
0.0161492
0.0164313
0.0165783
0.0169784
0.0174054
0.0176244
0.0178795
0.0181075
0.0183265
0.0186155
0.0188255
0.0191066
0.0193826
0.0195796
0.0198286
0.0200836
0.0203387
0.0206027
0.0208398
0.0211378
0.0213928
0.0216388
0.0217859
0.0224639
0.0227989
0.0230569
0.023265
0.00542603
0.00622224
0.00692829
0.00716532
0.00736636
0.0076034
0.00798747
0.00813451
0.00831754
0.00852757
0.0086746
0.00890264
0.00907667
0.00923272
0.00940678
0.00965286
0.00996494
0.010229
0.010457
0.010658
0.010868
0.0114661
0.0116221
0.0118592
0.0122792
0.0125073
0.0130343
0.0132803
0.0135174
0.0139674
0.00956192
0.010111
0.010486
0.010633
0.0109451
0.0116052
0.0124373
0.0127854
0.0131965
0.0134065
0.0136836
0.0139776
0.0141786
0.0143526
0.0145796
0.0149667
0.0151947
0.0153417
0.0155788
0.0157258
0.0160079
0.0161549
0.0164189
0.0165929
0.0167939
0.016959
0.017142
0.0173791
0.0175801
0.0179062
0.0181532
0.0192002
0.0194552
0.0197102
0.0199273
0.0201013
0.0203383
0.0205284
0.0207644
0.0209684
0.0212415
0.0214245
0.0216785
0.0220215
0.0222166
0.0223636
0.00536678
0.00657295
0.00710401
0.00733204
0.00752405
0.00778808
0.00815414
0.00836419
0.00859224
0.00879332
0.00899439
0.00940545
0.00962451
0.00988858
0.0101166
0.0102996
0.0105816
0.0107557
0.0110287
0.0111847
0.0113498
0.0115688
0.0122118
0.0123769
0.0125509
0.0128149
0.0129619
0.013145
0.013391
0.013637
0.00895261
0.00969564
0.00984268
0.0104007
0.0105568
0.0107668
0.0111419
0.0116559
0.012199
0.0123551
0.0128682
0.0130782
0.0132772
0.0136882
0.0138442
0.0141263
0.0143273
0.0144833
0.0147654
0.0149124
0.0151854
0.0155475
0.0157875
0.0160515
0.0162256
0.0163996
0.0166276
0.0167747
0.0170727
0.0172647
0.0174207
0.0177717
0.0179578
0.0181408
0.0182878
0.0185599
0.0188269
0.0198729
0.0201879
0.0204259
0.020609
0.020801
0.0210021
0.0212101
0.0214071
0.0216381
0.0059385
0.00692267
0.00733374
0.00757976
0.00790978
0.00828487
0.0084319
0.00871393
0.00893298
0.00919703
0.00944306
0.00964412
0.00992618
0.0107022
0.0109393
0.0114634
0.0118324
0.0120605
0.0122615
0.0125255
0.0127536
0.0132396
0.0134946
0.0136957
0.0138967
0.0141607
0.0144068
0.0146348
0.0148358
0.0150189
0.0118336
0.0121637
0.0124778
0.0132459
0.013759
0.013947
0.014271
0.014454
0.014682
0.0153512
0.0157082
0.0158552
0.0161192
0.0163743
0.0166563
0.0170134
0.0172144
0.0175724
0.0177405
0.0181515
0.0184045
0.0186055
0.0187796
0.0189696
0.0191256
0.0194907
0.0201047
0.0207757
0.0210038
0.0212578
0.0214618
0.0216719
0.0218819
0.0221709
0.0223909
0.022613
0.02276
0.023032
0.023191
0.023435
0.0235821
0.0238281
0.0241771
0.0244352
0.0246452
0.0248102
0.00552438
0.00620256
0.00655966
0.00697971
0.00713574
0.00730078
0.00755581
0.00789287
0.00828595
0.00843297
0.008598
0.00895506
0.0092761
0.00944113
0.00966914
0.0100622
0.0102992
0.0105093
0.0113013
0.0115744
0.0118384
0.0119944
0.0121955
0.0124145
0.0126425
0.0128706
0.0130357
0.0132457
0.0134917
0.0136748
0.00716428
0.00974455
0.0101866
0.0103516
0.0104987
0.0109317
0.0116719
0.0119839
0.012522
0.0130801
0.0136021
0.0137581
0.0139772
0.0141782
0.0143343
0.0145173
0.0147523
0.0153134
0.0157184
0.0158834
0.0160754
0.0163485
0.0174205
0.0176965
0.0179996
0.0183566
0.0186197
0.0189137
0.0191057
0.0193068
0.0195618
0.0198228
0.0200628
0.0203449
0.0205819
0.020738
0.020921
0.021248
0.021515
0.0217251
0.0219261
0.0221701
0.0223781
0.0227561
0.0235062
0.0237842
0.0065526
0.00761171
0.00800776
0.00819977
0.00848179
0.00864681
0.00885684
0.00902185
0.00922288
0.00936993
0.00987402
0.010129
0.0103931
0.0105581
0.0107772
0.0109602
0.0111613
0.0114073
0.0115814
0.0118454
0.0120194
0.0122565
0.0124305
0.0126315
0.0129046
0.0130967
0.0133157
0.0135798
0.0143418
0.0146238
0.0117636
0.0119196
0.0126697
0.0129198
0.0130848
0.0135359
0.0138659
0.0140939
0.014622
0.015033
0.015189
0.0159961
0.0166942
0.0169582
0.0172662
0.0176623
0.0179173
0.0180914
0.0187105
0.0188935
0.0192596
0.0203576
0.0207777
0.0209427
0.0213977
0.0216468
0.0218568
0.0220578
0.0224588
0.0229659
0.023167
0.023422
0.023704
0.023986
0.024294
0.02456
0.0248091
0.0250681
0.0252451
0.0255161
0.0257531
0.0259722
0.0267482
0.0269852
0.0272132
0.0273692
0.00618348
0.00652356
0.00684465
0.00699168
0.00719273
0.00733978
0.00768782
0.00787983
0.00841993
0.00949216
0.00963921
0.00983125
0.0102513
0.0104163
0.0106443
0.0108004
0.0109924
0.0111395
0.0114035
0.0123406
0.0125507
0.0127157
0.0129977
0.0131808
0.0133458
0.0136099
0.0138379
0.014039
0.014222
0.0156201
0.013445
0.0137271
0.0140771
0.0148682
0.0151142
0.0153152
0.0155752
0.0157342
0.0158812
0.0161273
0.0163373
0.0166103
0.0167573
0.0169404
0.0171324
0.0173784
0.0176545
0.0179395
0.0181225
0.0183686
0.0185606
0.0188276
0.0190797
0.0194037
0.0196887
0.0199077
0.0201748
0.0203908
0.0206488
0.0208458
0.0210108
0.0212389
0.0215029
0.021722
0.021878
0.0221151
0.0223431
0.0224901
0.0227541
0.0230002
0.0231742
0.0233372
0.0235292
0.0237303
0.0239203
0.0241843
0.00615766
0.00631369
0.00666174
0.00712983
0.00752291
0.00799094
0.00856104
0.00888309
0.00930312
0.00954914
0.00975018
0.0101433
0.0102993
0.0106204
0.0108305
0.0109955
0.0112235
0.0114155
0.0116886
0.0119706
0.0122526
0.0126306
0.0130177
0.0132997
0.0135548
0.0137108
0.0139569
0.0142029
0.0143949
0.014641
0.0106557
0.0111078
0.0112548
0.0115848
0.0118789
0.012227
0.012557
0.0129051
0.0132891
0.0136822
0.0139943
0.0142583
0.0145313
0.0147864
0.0150744
0.0152964
0.0155424
0.0157524
0.0159625
0.0163385
0.0166315
0.0168626
0.0172376
0.0176367
0.0185467
0.0187507
0.0189248
0.0191798
0.0194078
0.0196898
0.0199359
0.0201909
0.0205099
0.0207589
0.021023
0.021233
0.021589
0.021793
0.0219401
0.0221841
0.0223831
0.0226471
0.0229001
0.0231642
0.0234072
0.0236832
0.0055704
0.00573545
0.0062215
0.00639554
0.00658757
0.00707366
0.0072567
0.00761376
0.00782379
0.00801586
0.00816292
0.00878807
0.0090521
0.00928013
0.00942716
0.0098452
0.0100462
0.0101932
0.0107643
0.0110373
0.0112023
0.0114574
0.0117394
0.0119764
0.0122975
0.0124895
0.0130566
0.0139547
0.0153707
0.0191718
0.0100077
0.0110868
0.0113808
0.0117829
0.012269
0.012416
0.012746
0.0129651
0.0133581
0.0138852
0.0140412
0.0141883
0.0146003
0.0147863
0.0150234
0.0152694
0.0156534
0.0158814
0.0163615
0.0165565
0.0170075
0.0172566
0.0174846
0.0176316
0.0177786
0.0179347
0.0181537
0.0183908
0.0186548
0.0188199
0.0190839
0.0193299
0.020262
0.020609
0.020768
0.02096
0.021195
0.0214541
0.0217481
0.0220101
0.0222471
0.0225952
0.0228412
0.0230962
0.0233783
0.0239993
0.00804867
0.00836975
0.00875181
0.00899784
0.00919887
0.0093909
0.00955596
0.00975704
0.00994011
0.0100872
0.0104532
0.0108462
0.0110473
0.0113203
0.0115573
0.0118214
0.0119774
0.0121334
0.0122895
0.0124545
0.0126195
0.0128296
0.0142616
0.0144447
0.0145917
0.0147658
0.0150208
0.0152038
0.0153779
0.0162179
0.00873358
0.00922867
0.00987076
0.0101168
0.0103088
0.0105279
0.0107559
0.011287
0.01147
0.0120281
0.0123851
0.0125861
0.0129342
0.0131352
0.0133003
0.0135553
0.0138563
0.0153723
0.0156544
0.0160295
0.0163685
0.0165426
0.0166986
0.0169626
0.0172176
0.0174367
0.0176107
0.0179167
0.0182077
0.0184568
0.0186488
0.0188498
0.0190489
0.0193219
0.0195049
0.0197149
0.019896
0.020178
0.020534
0.020806
0.02107
0.021338
0.0216011
0.0219751
0.0225601
0.0227521
0.00569029
0.00588232
0.00719153
0.00774457
0.00789159
0.00816463
0.00836569
0.00852174
0.00890377
0.00915879
0.00934182
0.00948886
0.00973491
0.00988196
0.010155
0.0107751
0.0110391
0.0112762
0.0114682
0.0117323
0.0119603
0.0121074
0.0123714
0.0125994
0.0127645
0.0129295
0.0132115
0.0138686
0.0146816
0.0174297
0.0101145
0.0104895
0.0112766
0.0119107
0.0123308
0.0131869
0.0134749
0.0137239
0.01397
0.0143901
0.0146001
0.0149852
0.0152162
0.0153632
0.0156452
0.0158102
0.0160563
0.0162303
0.0163933
0.0174824
0.0178944
0.0181384
0.0183214
0.0184955
0.0187145
0.0190315
0.0193806
0.0197766
0.0200406
0.0203226
0.0204946
0.0207317
0.0209987
0.0211737
0.0214017
0.0216567
0.0219298
0.0222178
0.0224399
0.0226729
0.0228649
0.023066
0.023276
0.023852
0.0249081
0.0256672
0.00728056
0.0075266
0.00770967
0.00833176
0.00848779
0.00874281
0.00896182
0.00919885
0.00935489
0.00956495
0.009847
0.010048
0.0102851
0.0104501
0.0111592
0.0114142
0.0116692
0.0118972
0.0120982
0.0123803
0.0125633
0.0127914
0.0130014
0.0131575
0.0134215
0.0136495
0.0143036
0.0145137
0.0147507
0.0180658
0.0115307
0.0123838
0.0127948
0.0130139
0.0132239
0.0134609
0.013635
0.013881
0.014082
0.014229
0.0143761
0.0146202
0.0147762
0.0150582
0.0152933
0.0157133
0.0159413
0.0161963
0.0164244
0.0167384
0.0169244
0.0170804
0.0173085
0.0175095
0.0177466
0.0180676
0.0182807
0.0185177
0.0188797
0.0190388
0.0192848
0.0195128
0.0197939
0.0201389
0.0204639
0.0207039
0.02086
0.021079
0.021352
0.021589
0.0220101
0.0227181
0.0230231
0.0233741
0.0236631
0.0238581
0.00484525
0.00645949
0.00665152
0.00687055
0.00724561
0.00746463
0.00777669
0.00800472
0.00820575
0.00859881
0.00879083
0.00917488
0.00954995
0.00982302
0.010096
0.0102431
0.0105251
0.0107982
0.0110082
0.0112453
0.0114823
0.0116743
0.0119384
0.0121754
0.0123585
0.0130215
0.0132586
0.0134236
0.0136066
0.0137807
0.0118896
0.0120367
0.0124027
0.0128347
0.0137599
0.0144629
0.014727
0.014982
0.015181
0.015364
0.0155741
0.0158471
0.0160672
0.0163252
0.0164992
0.0166913
0.0169463
0.0172423
0.0175154
0.0176804
0.0178814
0.0181274
0.0183824
0.0185475
0.0188305
0.0192766
0.0194716
0.0197526
0.0200076
0.0201907
0.0203377
0.0205838
0.0208888
0.0214948
0.0217318
0.0220138
0.0221699
0.0223889
0.0226709
0.022915
0.023062
0.023245
0.0233921
0.0235481
0.0237401
0.0245712
0.00513733
0.0054584
0.00624857
0.00694468
0.00748477
0.00801585
0.0082169
0.00862795
0.00877498
0.00919504
0.0097521
0.0101281
0.0103562
0.0105663
0.0110343
0.0112084
0.0114724
0.0117364
0.0119105
0.0121025
0.0122496
0.0124236
0.0126966
0.0128886
0.0130537
0.0132367
0.0133837
0.0135398
0.0137228
0.0139328
0.0103638
0.0106939
0.0112759
0.011471
0.011873
0.0123161
0.0125801
0.0127362
0.0129192
0.0131292
0.0133753
0.0139043
0.0140694
0.0142704
0.0146364
0.0149095
0.0152395
0.0153866
0.0156516
0.0158827
0.0161557
0.0164197
0.0166297
0.0168288
0.0171588
0.0174408
0.0176958
0.0178428
0.0180439
0.0182089
0.0184099
0.01863
0.018798
0.019087
0.019369
0.0195431
0.0205841
0.0208601
0.0210611
0.0212622
0.0214812
0.0217942
0.0220523
0.0222973
0.0225283
0.0227114
0.00697269
0.00738373
0.00765677
0.00791183
0.0082419
0.00860797
0.00899203
0.00918407
0.00934914
0.00994419
0.0102082
0.0103552
0.0105653
0.0107483
0.0109313
0.0111864
0.0114234
0.0118985
0.0120455
0.0122195
0.0126396
0.0128406
0.0130417
0.0137837
0.0139307
0.0140958
0.0143328
0.0145788
0.0148338
0.0176
0.00847562
0.0100609
0.0106109
0.010779
0.0119771
0.0123551
0.0125681
0.0127242
0.0129592
0.0132322
0.0134492
0.0138603
0.0140613
0.0143823
0.0146314
0.0148144
0.0150514
0.0152435
0.0154986
0.0159096
0.0161106
0.0165887
0.0168247
0.0170518
0.0183488
0.0185408
0.0188139
0.0190689
0.0192429
0.0194259
0.0197339
0.019947
0.020184
0.020385
0.0205771
0.0207871
0.0210491
0.0212501
0.0214602
0.0216522
0.0219162
0.0222172
0.0224732
0.0226383
0.0229023
0.0231843
0.00366111
0.00514632
0.00596251
0.00641264
0.0072327
0.00743374
0.00759878
0.00779082
0.00804588
0.00830992
0.00855594
0.008838
0.00914108
0.00928812
0.00945313
0.00972616
0.0098732
0.0107012
0.0108753
0.0111483
0.0113763
0.0115774
0.0117964
0.0119794
0.0122525
0.0124895
0.0126636
0.0128376
0.0130746
0.0132217
0.0111096
0.0112747
0.0115497
0.0122538
0.0127718
0.0129189
0.0131709
0.013567
0.013942
0.014116
0.014559
0.0147631
0.0149371
0.0150932
0.0155613
0.0157803
0.0163303
0.0165494
0.0168224
0.0172334
0.0174525
0.0176495
0.0178235
0.0180975
0.0183825
0.0188896
0.0199076
0.0201086
0.0203547
0.0206278
0.0207928
0.0209488
0.0213339
0.0216769
0.0218509
0.022088
0.022462
0.022639
0.0228201
0.0230751
0.0232761
0.0234951
0.0237481
0.0241502
0.0243512
0.0248372
0.00692047
0.00714852
0.00752358
0.00774262
0.00797967
0.00813573
0.00851985
0.00868491
0.00889494
0.00912297
0.00931501
0.00959706
0.00985211
0.0101342
0.0103712
0.0105992
0.0107912
0.0109383
0.0111123
0.0113493
0.0115684
0.0117244
0.0119614
0.0121444
0.0123094
0.0124655
0.0127475
0.0133296
0.0135666
0.0138306
0.00893833
0.00932238
0.00983548
0.0103195
0.0105235
0.0107776
0.0109456
0.0120537
0.0125588
0.0127329
0.012944
0.013254
0.013605
0.01389
0.014121
0.0143071
0.0145441
0.0149461
0.0151562
0.0155222
0.0156692
0.0159063
0.0162843
0.0164973
0.0168454
0.0171094
0.0172924
0.0174935
0.0177575
0.0179585
0.0190916
0.0193356
0.0197437
0.0200377
0.0202297
0.0204037
0.0206678
0.0208238
0.0210519
0.0212709
0.0215169
0.021736
0.022041
0.022227
0.0230251
0.0232351
0.00481229
0.00557642
0.00573245
0.0068166
0.00702663
0.00741067
0.00762971
0.00800478
0.00816982
0.00855191
0.00892596
0.009275
0.00950305
0.00967708
0.00991413
0.0101872
0.0103792
0.0105713
0.0108533
0.0111084
0.0113364
0.0115644
0.0117835
0.0119935
0.0122215
0.0124675
0.0126145
0.0127616
0.0129896
0.0131996
0.0118744
0.0120754
0.0123124
0.0125135
0.0138747
0.0142857
0.0145498
0.0148048
0.0149788
0.0152159
0.015417
0.015641
0.016038
0.016224
0.0164431
0.0166171
0.0167641
0.0169382
0.0171302
0.0174872
0.0176883
0.0179343
0.0181533
0.0183164
0.0184634
0.0186714
0.0190895
0.0193325
0.0197286
0.0199206
0.0201846
0.0204126
0.0206767
0.0219587
0.0222707
0.0225197
0.0226668
0.0229228
0.0232628
0.0234488
0.0237309
0.0239499
0.0241599
0.024325
0.024724
0.025023
0.00727437
0.00767641
0.00787746
0.00857165
0.00887568
0.00921474
0.00961678
0.00998088
0.010227
0.010482
0.010746
0.0111571
0.0113581
0.0116041
0.0118232
0.0121052
0.0123872
0.0125342
0.0127353
0.0130173
0.0135974
0.0137804
0.0139274
0.0141465
0.0143385
0.0146026
0.0148216
0.0150407
0.0152957
0.0155058