RTT
0.0312475
0.0333386
0.0336027
0.0337947
0.0339868
0.0366439
0.037567
0.0390201
0.0394041
0.0417513
0.0419793
0.0443165
0.0446466
0.0450576
0.0452227
0.0464578
0.0468269
0.0471839
0.0474479
0.0499182
0.0501933
0.0620135
0.0624405
0.0638328
0.0640291
0.0140428
0.0649949
0.0651638
0.015178
0.0655974
0.0156111
0.0662211
0.0664672
0.0678982
0.0224662
0.0235433
0.0272843
0.174546
0.180096
0.180705
0.181323
0.184551
0.185055
0.185337
0.185755
0.0857693
0.0867684
0.187971
0.189067
0.0896126
0.0900956
0.190444
0.0912148
0.191599
0.0920909
0.0925199
0.193453
0.093846
0.094338
0.194722
0.0951151
0.0955892
0.19834
0.0986702
0.200008
0.208957
0.209251
0.20959
0.210095
0.210269
0.110676
0.210832
0.210997
0.211397
0.211544
0.212075
0.212312
0.212925
0.213588
0.213999
0.215674
0.119919
0.122832
0.0775904
0.128496
0.0823365
0.0883816
0.0912046
0.092789
0.0968991
0.105779
0.16828
0.174325
0.132251
0.0882424
0.0919024
0.0928535
0.193805
0.195548
0.0995766
0.199988
0.204427
0.207714
0.210923
0.168173
0.171176
0.180875
0.181268
0.184775
0.236716
0.18713
0.18734
0.0907122
0.0910873
0.0914263
0.0930883
0.193481
0.194911
0.195331
0.195787
0.196189
0.196727
0.197174
0.199205
0.106077
0.207391
0.208321
0.20945
0.216608
0.16773
0.16815
0.220091
0.224336
0.225872
0.228641
0.183435
0.185268
0.185877
0.0866754
0.187182
0.0873295
0.0875036
0.187888
0.189721
0.191239
0.191614
0.0920157
0.0923548
0.192685
0.196822
0.197188
0.197554
0.198545
0.198884
0.207481
0.207834
0.20814
0.208287
0.158859
0.209658
0.209823
0.210537
0.21566
0.216629
0.167526
0.170493
0.120895
0.222818
0.173238
0.174099
0.17451
0.17493
0.176232
0.229307
0.180096
0.0848183
0.0867594
0.18717
0.187824
0.0889375
0.0894656
0.190048
0.0907017
0.0911967
0.0913888
0.0939419
0.197361
0.0992839
0.199938
0.207157
0.207376
0.208197
0.20838
0.208857
0.209749
0.211484
0.212282
0.213446
0.166014
0.168576
0.218969
0.17181
0.173896
0.174559
0.224991
0.175246
0.228312
0.179308
0.181582
0.18247
0.185302
0.0862529
0.0887879
0.189631
0.190213
0.0905791
0.0916921
0.193678
0.194296
0.0952923
0.198799
0.199822
0.206784
0.207931
0.210256
0.210538
0.211056
0.211293
0.215847
0.168346
0.21873
0.169753
0.175276
0.176992
0.179581
0.130127
0.0848041
0.185584
0.23676
0.138359
0.0908312
0.0912242
0.193246
0.0940444
0.195031
0.195775
0.196663
0.0974795
0.20651
0.208313
0.208686
0.20886
0.20907
0.209628
0.210334
0.210535
0.162368
0.215308
0.216304
0.220927
0.175037
0.176556
0.228137
0.181914
0.182262
0.18468
0.0857208
0.0860598
0.0885319
0.189384
0.191487
0.191925
0.193227
0.0939441
0.0953452
0.197133
0.198039
0.1998
0.203907
0.208888
0.209279
0.20948
0.209801
0.209984
0.210185
0.21036
0.111781
0.213662
0.166188
0.221999
0.226064
0.176916
0.179748
0.180582
0.18102
0.181368
0.182328
0.182811
0.18414
0.188754
0.0902724
0.0918894
0.0928854
0.0934495
0.195292
0.0980246
0.199084
0.199999
0.208076
0.208701
0.208911
0.111638
0.111821
0.211968
0.212388
0.162763
0.21339
0.213636
0.213792
0.21488
0.1672
0.219015
0.22227
0.223023
0.127979
0.179038
0.131105
0.19138
0.19558
0.199627
0.200328
0.109459
0.209952
0.110099
0.210436
0.210943
0.211291
0.212067
0.212268
0.112626
0.112782
0.113157
0.213932
0.114679
0.216032
0.216488
0.216989
0.2183
0.171267
0.225035
0.22793
0.229016
0.282595
0.233258
0.235478
0.0914694
0.241835
0.242192
0.0925855
0.194671
0.0950186
0.1957
0.108866
0.209308
0.109821
0.110125
0.21014
0.110519
0.211048
0.211267
0.211679
0.212081
0.212237
0.212576
0.215044
0.216247
0.166649
0.217006
0.218515
0.16889
0.219256
0.170243
0.221285
0.222146
0.172539
0.224129
0.225647
0.22892
0.230348
0.182199
0.0865879
0.0884929
0.192216
0.092609
0.096008
0.099731
0.106773
0.20754
0.108187
0.209147
0.209531
0.112166
0.162523
0.11351
0.214119
0.214566
0.214924
0.216208
0.216574
0.218587
0.222517
0.223882
0.224239
0.225397
0.227563
0.228073
0.128952
0.181533
0.181761
0.232016
0.232355
0.235151
0.0878843
0.188475
0.0900924
0.197199
0.0989515
0.199696
0.108749
0.208763
0.259003
0.21073
0.211447
0.214651
0.215026
0.165806
0.116658
0.217096
0.218803
0.219223
0.2212
0.221908
0.223147
0.224746
0.225769
0.226657
0.227383
0.22873
0.179582
0.229949
0.182259
0.238007
0.188814
0.0948138
0.0957558
0.0971658
0.107403
0.107742
0.10903
0.209942
0.110098
0.210245
0.211319
0.211502
0.163422
0.213686
0.166986
0.217407
0.218043
0.220024
0.120198
0.220444
0.220765
0.221158
0.221368
0.173831
0.227212
0.228568
0.179537
0.179957
0.232069
0.0903642
0.140784
0.242311
0.193406
0.194528
0.194912
0.0973665
0.0977055
0.208017
0.108524
0.108827
0.210248
0.21053
0.160941
0.111529
0.211766
0.112021
0.213161
0.214659
0.214971
0.215869
0.216016
0.216226
0.167273
0.2199
0.220653
0.222234
0.223284
0.224028
0.125906
0.176284
0.226467
0.17704
0.12953
0.230355
0.18272
0.239998
0.0923436
0.0926556
0.0959917
0.2069
0.107519
0.109211
0.209568
0.210611
0.11486
0.215228
0.115699
0.2159
0.216101
0.216603
0.217284
0.217983
0.170425
0.121169
0.222696
0.223602
0.224058
0.224433
0.927467
0.22765
0.928181
0.179339
0.229841
0.230243
0.180663
0.985799
0.238901
0.189276
0.0912978
0.192715
0.0929159
0.0941999
0.095367
0.996345
0.199024
0.0993631
0.208731
0.210194
0.210542
0.211284
0.211925
0.212162
0.21282
0.213336
0.163765
0.214011
0.218505
0.0191228
0.219822
0.220656
0.221661
0.222063
0.223752
0.177862
0.381567
0.231714
1.03223
0.932234
0.982247
1.03251
0.982511
1.08252
1.03272
0.982724
1.08274
1.03293
1.08293
0.98294
0.183198
1.03371
1.08371
0.983723
0.136999
0.0927199
0.094229
0.095747
0.196563
0.196983
0.200339
0.207176
0.107332
0.207809
0.108643
0.208853
0.210826
0.211081
0.211354
0.212843
0.21419
0.215429
0.215813
0.21617
0.216689
0.117368
0.167382
0.167943
0.218153
0.218492
0.169641
0.120322
0.173442
0.175365
0.226028
0.126421
0.230495
0.131762
0.234063
0.184789
0.0863427
0.189229
1.14176
0.193534
0.0938638
0.0976048
0.0981419
0.199039
0.208366
0.208714
0.208897
0.209053
0.209218
0.210545
0.111244
0.21415
0.11848
0.218892
0.119573
0.171919
0.225255
0.225612
0.225999
0.226254
0.126647
0.22713
0.227595
0.228508
0.2287
0.131874
0.236074
0.186908
0.0959142
0.197153
0.0975553
0.0990733
0.0995564
0.205368
0.206467
0.20773
0.20884
0.209041
0.209424
0.210367
0.160381
0.21054
0.211501
0.211867
0.212188
0.212774
0.212939
0.213323
0.215909
0.216284
0.21702
0.217404
0.118229
0.17287
0.174595
0.174988
0.225471
0.228033
0.182872
0.186928
0.088473
1.24188
0.193678
0.0977161
0.0986042
0.207239
0.209224
0.209434
0.209581
0.260287
0.210443
0.210773
0.211758
0.212646
0.213003
0.213765
0.214134
0.214371
0.215268
0.215967
0.16665
0.217367
0.21785
0.172527
0.172947
0.223925
0.224453
0.224885
0.125167
0.181086
0.181497
0.184176
0.186055
0.187609
0.190243
0.143255
0.193666
0.0980547
0.208796
0.209117
0.2093
0.209615
0.10963
0.209999
0.210146
0.210356
0.210749
0.211061
0.211472
0.211802
0.211994
0.212404
0.21256
0.212842
0.216152
0.216689
0.217883
0.218267
0.169623
0.171717
0.223802
0.174951
0.227369
0.17778
0.181665
0.0821213
0.136861
0.238343
0.19392
0.194466
0.244886
0.197439
0.198822
0.199252
0.199789
0.206698
0.206854
0.207669
0.208785
0.209049
0.20925
0.209736
0.210265
0.211373
0.211712
0.212087
0.212426
0.212582
0.212913
0.213105
0.214089
0.214236
0.214509
0.114692
0.217089
0.218382
0.169054
0.174352
0.176635
0.176956
0.233334
0.237444
0.188413
0.140615
0.193375
0.0942635
0.1976
0.198011
0.198827
0.0999307
0.211031
0.211223
0.21158
0.211853
0.212027
0.212201
0.212348
0.212531
0.212888
0.213152
0.213407
0.213644
0.214028
0.214184
0.21471
0.215088
0.215472
0.215847
0.216066
0.216249
0.216561
0.166825
0.216966
0.166981
0.167377
0.220569
0.170926
0.223263
0.175717
0.176335
0.22698
0.228399
0.180763
0.131174
0.183079
0.185065
0.186079
0.189605
0.189998
0.190457
0.0906577
0.195731
0.196794
0.197483
0.0978848
0.198086
0.198233
0.209482
0.20995
0.210316
0.210736
0.211093
0.21124
0.212455
0.212684
0.162957
0.213359
0.21383
0.21417
0.214326
0.214629
0.21582
0.216528
0.117173
0.167557
0.218652
0.169063
0.175765
0.177616
0.18214
0.184765
0.186058
0.189007
0.192829
0.243375
0.195271
0.197833
0.0981544
0.207966
0.208149
0.208971
0.209311
0.209863
0.210238
0.210751
0.211253
0.211472
0.211956
0.212433
0.212652
0.212826
0.212982
0.213357
0.213576
0.214071
0.214281
0.214839
0.169373
0.171368
0.223516
0.223954
0.224968
0.181265
0.232396
0.184922
0.086188
0.089047
0.0901511
0.191642
0.192053
0.19529
0.196187
0.198119
0.198773
0.199193
0.208509
0.20892
0.209076
0.209223
0.210687
0.210852
0.211955
0.212412
0.213641
0.213788
0.214175
0.214385
0.214595
0.214787
0.215024
0.216476
0.21776
0.220364
0.171018
0.221441
0.121597
0.172
0.223284
0.224921
0.176763
0.229946
0.231293
0.182019
0.182439
0.233003
0.184566
0.13495
0.090347
0.190704
0.191817
0.194676
0.19596
0.0968572
0.197223
0.198444
0.112364
0.212646
0.113551
0.213752
0.213908
0.214773
0.21492
0.215076
0.165268
0.215496
0.21588
0.216117
0.216549
0.216696
0.217062
0.21721
0.217411
0.217558
0.217981
0.218227
0.218467
0.118482
0.218668
0.218833
0.219106
0.172313
0.224182
0.176672
0.177488
0.177854
0.228544
0.17945
0.229825
0.180137
0.186416
0.237907
0.0927555
0.19583
0.196755
0.198444
0.210338
0.210548
0.21083
0.211013
0.211214
0.211433
0.11179
0.211946
0.212201
0.112384
0.112741
0.212897
0.213315
0.213912
0.214149
0.214296
0.164969
0.216073
0.216484
0.16721
0.167612
0.218014
0.218389
0.218764
0.169121
0.173087
0.22638
0.177556
0.228993
0.185578
0.186475
0.191476
0.0953793
0.195709
0.248829
0.2496
0.20699
0.208308
0.210766
0.210985
0.213067
0.213442
0.213844
0.214183
0.114567
0.214969
0.219664
0.170057
0.220999
0.221311
0.22237
0.222979
0.223408
0.225925
0.177254
0.227677
0.227887
0.178497
0.229538
0.230579
0.183807
0.235379
0.186411
0.23684
0.188322
0.188922
0.090611
0.140932
0.192099
0.0925911
0.243875
0.0980662
0.198684
0.209168
0.210761
0.210917
0.211064
0.211439
0.112
0.213542
0.215219
0.166221
0.118423
0.219293
0.220496
0.220853
0.221174
0.222539
0.223013
0.224513
0.125008
0.125347
0.225621
0.177436
0.178841
0.228855
0.179431
0.180922
0.231369
0.231807
0.23256
0.232863
0.184075
0.184612
0.241315
0.191825
0.193136
0.19352
0.244669
0.195827
0.196508
0.198404
0.248797
0.200335
0.205372
0.206395
0.256993
0.257894
0.208371
0.209475
0.212288
0.165694
0.216654
0.217911
0.219996
0.223368
0.224049
0.225081
0.226284
0.126668
0.227556
0.229353
0.231204
0.232335
0.233322
0.189286
0.23967
0.24054
0.240943
0.241408
0.0976147
0.198026
0.199301
0.205339
0.107223
0.209118
0.209355
0.213718
0.214204
0.214351
0.214816
0.216191
0.166827
0.217472
0.218585
0.219008
0.219191
0.220664
0.222101
0.223088
0.224462
0.224837
0.226184
0.227675
0.229526
0.23118
0.231573
0.182083
0.233412
0.236289
0.1867
0.237525
0.237945
0.18985
0.240216
0.191051
0.0961505
0.199892
0.203129
0.206041
0.206672
0.209412
0.110054
0.210393
0.212001
0.112761
0.112971
0.21331
0.21508
0.21548
0.21623
0.21677
0.217338
0.217503
0.219288
0.21969
0.222171
0.174796
0.22512
0.225321
0.225723
0.177376
0.228624
0.229161
0.229536
0.230757
0.182896
0.233307
0.18631
0.238719
0.246195
0.0979294
0.19897
0.249363
0.249757
0.206782
0.257104
0.210253
0.261208
0.261364
0.211739
0.212232
0.212451
0.212688
0.21288
0.213027
0.213429
0.213639
0.214452
0.217569
0.168055
0.218338
0.168686
0.219181
0.219556
0.219766
0.170843
0.222208
0.22255
0.172814
0.225988
0.226354
0.226958
0.227426
0.227672
0.228362
0.180105
0.231695
0.132253
0.232517
0.236019
0.236601
0.187246
0.237621
0.18814
0.0888663
0.0892773
0.240435
0.190774
0.192346
0.195467
0.24649
0.222702
0.222849
0.223087
0.123465
0.22348
0.223747
0.224678
0.224874
0.174888
0.225302
0.225704
0.225914
0.227386
0.228125
0.228441
0.178455
0.228677
0.230382
0.230703
0.181909
0.182311
0.233063
0.233474
0.234548
0.184563
0.234725
0.18474
0.236207
0.144077
0.245776
0.196536
0.207651
0.207852
0.258369
0.108383
0.0610667
0.212056
0.262239
0.213456
0.11372
0.213885
0.21405
0.214371
0.214527
0.214884
0.215058
0.215322
0.215487
0.21588
0.216054
0.216282
0.216448
0.217543
0.21769
0.218065
0.218248
0.218395
0.218578
0.218833
0.218998
0.219217
0.170258
0.170615
0.221126
0.175167
0.175515
0.176988
0.227795
0.178616
1.98005
2.03027
2.08027
1.98028
0.180649
2.0326
0.186601
0.189253
0.190195
0.191848
0.195427
0.195784
0.0491382
0.211339
0.112901
0.212926
0.213355
0.21398
0.214311
0.214521
0.214833
0.215199
0.215601
0.26582
0.216003
0.216809
0.167011
0.217239
0.219378
0.219588
0.220589
0.221743
0.022345
0.022975
0.223359
0.224454
0.174829
0.175447
0.229647
0.0334353
0.234512
0.185769
0.192867
0.19597
0.197659
0.0980996
0.198364
0.198847
0.0999777
0.209074
0.20923
0.20956
0.210223
0.210755
0.211139
0.211322
0.211541
0.211934
0.212438
0.113273
0.213519
0.113919
0.214874
0.165084
0.265339
0.215861
0.216134
0.166308
0.116701
0.216921
0.21765
0.217869
0.16828
0.218454
0.219038
0.219311
0.219485
0.170531
0.170813
0.171077
0.221461
0.223353
0.173581
0.176835
0.127009
0.227192
0.228836
0.179211
0.182853
0.0832642
0.183846
0.0847073
0.187404
0.338392
0.239636
0.189801
2.19007
0.0905482
0.0908512
0.0911993
0.0917093
0.242282
0.0941424
0.0947334
0.197358
0.197706
0.198126
0.114728
0.115272
0.215286
0.115704
0.215718
0.216132
0.116297
0.216454
0.216859
0.117189
0.117528
0.217729
0.217903
0.218254
0.218437
0.219217
0.219565
0.220024
0.220563
0.220945
0.221173
0.221791
0.222073
0.222337
0.222721
0.222922
0.123297
0.12425
0.0245055
0.224707
0.22498
0.0254422
0.125457
0.0258076
0.226741
0.129861
0.1302
0.180863
0.231535
0.232864
0.133916
0.0848128
0.135143
0.239037
0.241131
0.141145
0.192027
0.143241
0.243553
0.243874
0.0949601
0.198134
0.248572
0.198974
0.249907
0.203826
0.208574
0.208931
0.209096
0.209401
0.209548
0.210023
0.210996
0.211777
0.261973
0.211987
0.212354
0.212868
0.213318
0.213693
0.21468
0.215064
0.216013
0.217945
0.168905
0.219997
0.220492
0.170774
0.221185
0.271587
0.223483
0.224038
0.274683
0.275544
0.227251
0.178634
0.229045
0.182426
0.239218
0.092112
0.0933601
0.0940411
0.0949921
0.0954032
0.0957632
0.0960362
0.197113
0.0976683
0.198412
0.198742
0.199108
0.209412
0.209869
0.259883
0.210243
0.210907
0.111058
0.211072
0.112398
0.212412
0.113959
0.214502
0.21473
0.214913
0.215096
0.115483
0.215498
0.216982
0.117147
0.217531
0.267861
0.218155
0.168519
0.0192332
0.119746
0.22001
0.170202
0.0254786
0.225899
0.127651
0.230456
0.0311278
0.181476
0.231869
0.233576
0.135283
0.135703
0.137437
0.189648
0.194775
0.199047
0.207023
0.208818
0.209436
0.209814
0.210154
0.21071
0.211094
0.211496
0.211655
0.11167
0.211964
0.212192
0.212339
0.212741
0.21296
0.213116
0.163371
0.213518
0.213921
0.214167
0.214377
0.214552
0.214762
0.165137
0.215431
0.217903
0.218548
0.220525
0.171935
0.223516
0.226222
0.126606
0.227521
0.27921
0.180395
0.231904
0.0835213
0.23395
0.184262
0.189578
0.191168
0.241579
0.193171
0.193528
0.194515
0.0948451
0.0973532
0.110194
0.110764
0.210956
0.112094
0.112607
0.114316
0.115103
0.215259
0.117284
0.21744
0.118224
0.21838
0.118701
0.219022
0.219178
0.219825
0.0205303
0.220851
0.221337
0.221484
0.272318
0.223076
0.223541
0.0280101
0.0289421
0.229284
0.229677
0.180052
0.230226
0.230445
0.230673
0.232947
0.234482
0.234665
0.184884
0.186311
0.236779
0.0369982
0.0372353
0.0373823
0.0389903
0.189491
0.140118
0.192356
0.242704
0.0437025
0.199199
0.255153
0.207096
0.211388
0.211616
0.213107
0.0145054
0.216752
0.219422
0.219981
0.220245
0.2208
0.22167
0.222018
0.222618
0.17302
0.223422
0.174391
0.226179
0.22668
0.227433
0.227772
0.230388
0.180709
0.231192
0.231846
0.232405
0.182918
0.2332
0.233854
0.234175
0.184532
0.234952
0.236191
0.188528
0.239254
0.190224
0.240617
0.191037
0.242168
0.0938207
0.244205
0.245895
0.197269
0.0976351
0.0990001
0.113209
0.213374
0.263539
0.213726
0.01374
0.216018
0.116178
0.216192
0.116369
0.217375
0.117733
0.0181467
0.0186877
0.0203669
0.020613
0.220925
0.021108
0.221381
0.021627
0.221837
0.222092
0.223103
0.223286
0.224044
0.224236
0.224906
0.0252085
0.225356
0.227099
0.0294738
0.229666
0.230194
0.232252
0.233095
0.23383
0.184295
0.242113
0.192554
0.242836
0.244615
0.19499
0.245347
0.196271
0.24661
0.247327
0.249934
0.107546
0.208729
0.208967
0.210512
0.261596
0.213274
0.214177
0.214705
0.215377
0.21589
0.216064
0.216466
0.217417
0.218854
0.219688
0.220315
0.221716
0.222137
0.22289
0.223688
0.177564
0.228263
0.230915
0.231326
0.232511
0.18339
0.23381
0.23423
0.236063
0.236522
0.236678
0.137062
0.2384
0.239747
0.240167
0.241064
0.242159
0.192696
0.0930983
0.0948053
0.248817
0.249219
0.0998912
0.214456
0.215064
0.0159314
0.0162615
0.266435
0.216829
0.117012
0.267204
0.21745
0.217669
0.118255
0.21842
0.118684
0.218867
0.019218
0.219374
0.019593
0.02016
0.0208651
0.0210391
0.221495
0.222392
0.223555
0.0237113
0.224434
0.0249484
0.225398
0.225681
0.225855
0.226455
0.0282396
0.228627
0.22881
0.229428
0.231612
0.232113
0.232506
0.23289
0.0333191
0.233838
0.134843
0.235596
0.23625
0.0874442
0.237783
0.238977
0.239343
0.239898
0.190339
0.190576
0.242418
0.0933155
0.194627
0.195488
0.245872
0.198128
0.208456
0.209534
0.25969
0.210432
0.210798
0.211026
0.213143
0.263354
0.21556
0.215716
0.215953
0.21634
0.166862
0.217117
0.217474
0.219379
0.21997
0.220345
0.222592
0.223399
0.173981
0.224527
0.17495
0.225169
0.275544
0.225919
0.227231
0.177948
0.228314
0.180453
0.230873
0.281482
0.232181
0.232799
0.233768
0.185394
0.235805
0.186891
0.238598
0.242537
0.243218
0.197013
0.248027
0.112969
0.2633
0.11331
0.215015
0.0150293
0.115398
0.115737
0.216019
0.217221
0.0176407
0.0183038
0.118722
0.118887
0.169322
0.0193369
0.019754
0.019973
0.220732
0.0218571
0.0221032
0.222322
0.0228622
0.123099
0.223861
0.224539
0.224749
0.0251335
0.225353
0.0255896
0.225854
0.226274
0.22855
0.179339
0.23038
0.181664
0.1823
0.233233
0.233653
0.235036
0.185429
0.235885
0.236317
0.236581
0.237928
0.188339
0.18884
0.189251
0.190049
0.24119
0.244508
0.195423
0.248798
0.249008
0.255663
0.205819
0.258333
0.160651
0.110665
0.260851
0.211025
0.211418
0.212226
0.21271
0.21304
0.213272
0.263287
0.213509
0.114175
0.21443
0.214694
0.21515
0.215693
0.21584
0.216224
0.216617
0.216818
0.216974
0.217718
0.218084
0.220007
0.222083
0.225059
0.278809
0.179211
0.279559
0.230591
0.181983
0.184456
0.236316
0.186682
0.237705
0.24267
0.243504
0.0959308
0.0982228
0.0985799
0.213577
0.113736
0.113895
0.21391
0.214376
0.0170362
0.217192
0.217375
0.21754
0.218026
0.0187794
0.0191394
0.0196705
0.0200635
0.220229
0.27122
0.221234
0.0215398
0.221705
0.22187
0.222017
0.0222989
0.222491
0.222773
0.223001
0.223193
0.0234391
0.0237211
0.224003
0.0242402
0.0246872
0.22496
0.225161
0.0254254
0.225926
0.226841
0.22718
0.177547
0.229188
0.231489
0.233052
0.183616
0.236349
0.241575
0.193894
0.0950519
0.196102
0.200005
0.206535
0.207279
0.208215
0.25897
0.210113
0.211224
0.261407
0.211701
0.212223
0.212974
0.213487
0.214012
0.215917
0.216319
0.217693
0.218095
0.219181
0.219575
0.220025
0.220427
0.220739
0.221021
0.221303
0.221714
0.174717
0.225155
0.226232
0.227147
0.277729
0.228662
0.279802
0.230213
0.231461
0.187227
0.238619
0.19011
0.190512
0.241374
0.141686
0.242244
0.0923996
0.243657
0.0958137
0.197584
0.199597
0.100029
0.203087
0.212897
0.213931
0.215759
0.0160892
0.216995
0.217325
0.268896
0.0198086
0.0201327
0.0206727
0.220979
0.221144
0.221546
0.0225979
0.222754
0.223018
0.22342
0.023612
0.223822
0.0240321
0.0246381
0.224857
0.0250491
0.225277
0.22546
0.225616
0.225853
0.226594
0.226786
0.176933
0.0272575
0.227531
0.227714
0.227978
0.22937
0.179736
0.230156
0.230576
0.232841
0.0359249
0.188901
0.239231
0.193863
0.0943731
0.246971
0.197724
0.204743
0.205071
0.205236
0.25611
0.209883
0.210414
0.211488
0.261791
0.211983
0.212884
0.213166
0.213313
0.213869
0.214061
0.215636
0.215873
0.216242
0.216729
0.216885
0.21705
0.21726
0.217635
0.218013
0.218286
0.21948
0.21981
0.22023
0.220569
0.222429
0.222858
0.22947
0.135245
0.235593
0.19288
0.0970353
0.197473
0.247857
0.2487
0.199057
0.0995675
0.0999695
0.31072
0.264056
0.214506
0.215056
0.215708
0.116074
0.216374
0.116389
0.217803
0.218085
0.0184902
0.218829
0.221126
0.121777
0.222026
0.222419
0.0229769
0.0232319
0.223892
0.024147
0.024604
0.225432
0.225588
0.0261392
0.0265052
0.227343
0.177357
0.0275883
0.0279633
0.0284103
0.228812
0.179076
0.229241
0.230047
0.230407
0.230662
0.233875
0.184313
0.234823
0.235201
0.235393
0.236713
0.187421
0.23974
0.240115
0.240643
0.241756
0.192887
0.194846
0.245185
0.846948
0.247728
0.248131
0.198533
0.956553
0.107652
0.258104
0.108468
0.259692
0.259848
0.16037
0.210745
0.211303
0.26202
0.212212
0.212524
0.212899
0.213484
0.21442
0.214576
0.215246
0.215429
0.166002
0.216359
0.216716
0.217139
0.217304
0.217523
0.217715
0.218135
0.218528
0.219029
0.220277
0.221012
0.221405
0.223373
0.224036
0.228362
0.979883
1.07988
0.879897
0.230074
0.281403
0.232841
0.138652
0.189963
0.0913007
0.242045
0.142438
0.194712
0.0954378
0.19584
0.24626
0.0973639
0.248738
0.265132
0.215309
0.115675
0.21587
0.216854
0.217338
0.117485
0.217672
0.117686
0.218211
0.0199346
0.220091
0.0207757
0.0209857
0.221571
0.0219099
0.0220659
0.223102
0.223414
0.023588
0.223753
0.024119
0.0243291
0.0246111
0.225296
0.0255331
0.22577
0.226127
0.0263642
0.226583
0.22694
0.227096
0.127315
0.227709
0.228084
0.228366
0.228849
0.229656
0.184171
0.184693
0.234912
0.23724
0.237975
0.139196
0.24597
0.19693
0.0972871
0.247968
0.254027
0.208268
0.208415
0.208725
0.159249
0.209263
0.25944
0.209641
0.211476
0.211668
0.2136
0.216144
0.217545
0.217965
0.268367
0.219462
0.221862
0.222804
0.273224
0.223806
0.225118
0.225505
0.225715
0.22735
0.229201
0.231763
0.232285
0.182513
0.232852
0.236728
0.288705
0.239128
0.189347
0.239803
0.24106
0.242299
0.243214
0.244354
0.244765
0.245968
0.0963435
0.0969075
0.0978135
0.198237
0.0986296
0.0988937
0.249566
0.0128473
0.11472
0.214735
0.115086
0.115581
0.215791
0.216568
1.21695
0.217427
0.0182532
0.0185473
0.0188293
0.0190123
0.219942
0.0201524
0.0203625
0.0205545
0.0208185
0.0211575
0.221542
0.171743
0.222136
0.223054
0.0234197
0.22363
0.223777
0.224116
0.124545
0.227953
0.229849
0.233671
0.234514
0.236086
0.236542
0.237727
0.238138
0.238585
0.191723
0.192755
0.143211
0.0951345
0.245861
0.246218
0.198411
0.249236
0.259069
0.210334
0.260508
0.260673
0.261213
0.261495
0.26166
0.111807
0.262365
0.212584
0.21299
0.163146
0.264961
0.26593
0.266485
0.219488
0.219818
0.220859
0.221207
0.22277
0.224657
0.225428
0.226505
0.226934
0.178605
0.179016
0.229382
0.229901
0.230312
0.230705
0.231458
0.182508
0.233693
0.185922
0.236325
0.18706
0.137462
0.237882
0.0882567
0.238815
0.238971
0.239472
0.140027
0.0905489
0.240942
0.241188
0.192733
0.243657
0.244113
0.244704
0.246303
0.246705
0.261929
0.012115
0.112748
0.113753
0.263754
0.213767
0.264741
0.115005
0.215738
0.0161525
0.0170346
0.019247
0.269778
0.219943
0.270153
0.220528
0.220912
0.0213053
0.0216443
0.0224603
0.0226883
0.22288
0.0240686
0.225893
0.177249
0.227669
0.178062
0.0289737
0.0307489
0.180923
0.181469
0.232456
0.233281
0.235591
0.237838
0.238207
0.238453
0.238855
0.240166
0.240658
0.241411
0.24274
0.243134
0.243977
0.0943157
0.245195
0.245777
0.198096
0.19929
0.249764
0.200218
0.20091
0.258221
0.258672
0.209092
0.213643
0.215539
0.266085
0.217162
0.169694
0.220645
0.221056
0.222943
0.173327
0.223747
0.224104
0.226648
0.226987
0.17747
0.228376
0.228725
0.231332
0.232436
0.182847
0.233528
0.23396
0.234188
0.23585
0.236828
0.237248
0.237776
0.140698
0.195015
0.245453
0.0960981
0.246914
0.248999
0.0994643
0.250019
0.115396
0.26541
0.115747
0.215749
0.2663
0.116937
0.217147
0.117898
0.218518
0.0211771
0.0217261
0.222397
0.0228114
0.223039
0.0231864
0.0234804
0.223672
0.223874
0.224156
0.0250167
0.225401
0.225642
0.0256557
0.0259888
0.0263368
0.226538
0.0267028
0.227519
0.127666
0.027885
0.228683
0.228857
0.229986
0.230756
0.0309393
0.231185
0.0317434
0.182289
0.232664
0.133067
0.233442
0.233988
0.235362
0.235944
0.23667
0.23709
0.238095
0.24054
0.240897
0.242415
0.243789
0.244677
0.246888
0.0973081
0.0977012
0.198922
0.14936
0.255276
0.207457
0.209224
0.210716
0.211593
0.21378
0.264302
0.214791
0.215331
0.215586
0.215733
0.215907
0.216597
0.216921
0.217078
0.217261
0.267426
0.217804
0.218041
0.218509
0.218902
0.219076
0.219472
0.219847
0.220231
0.270633
0.220906
0.221326
0.221713
0.222052
0.222472
0.2227
0.223123
0.22327
0.223417
0.223765
0.223985
0.174231
0.178917
0.183657
0.184545
0.137467
0.238382
0.188904
0.239096
0.241649
0.192456
0.0934789
0.198552
0.199809
0.212721
0.164064
0.214571
0.216999
0.217164
0.217365
0.21787
0.118165
0.218663
0.220394
0.120408
0.120679
0.221071
0.221308
0.222058
0.222223
0.223385
0.0239795
0.224244
0.0248206
0.225124
0.225364
0.0257747
0.0260297
0.226294
0.226576
0.227197
0.0274699
0.0276889
0.227836
0.028301
0.028574
0.178757
0.0289761
0.0291951
0.0305352
0.231792
0.182338
0.232722
0.233124
0.43349
0.184711
0.0369555
0.191048
0.192035
0.143517
0.0944317
0.0947527
0.0452087
0.246376
0.247912
0.198539
0.258431
0.258641
0.209173
0.259575
0.211
0.211552
0.211882
0.212293
0.212459
0.213674
0.214148
0.21482
0.215315
0.215507
0.21644
0.216932
0.219575
0.219995
0.22037
0.220736
0.222614
0.224114
0.125713
0.226682
0.22856
0.179142
0.181713
0.132592
0.23465
0.185043
0.185374
0.23763
0.242604
0.198631
0.249861
0.208153
0.111065
0.262173
0.112316
0.26233
0.218565
0.219316
0.269481
0.119754
0.269955
0.120123
0.220543
0.220832
0.0220228
0.222278
0.0224879
0.0229079
0.0233849
0.22407
0.024656
0.224938
0.225668
0.22586
0.0262202
0.226439
0.226631
0.227574
0.0277844
0.0279944
0.0283604
0.22857
0.228745
0.228964
0.229147
0.229393
0.0295666
0.0297857
0.0302597
0.230407
0.18059
0.230737
0.231019
0.181403
0.231559
0.182051
0.183029
0.187364
0.188099
0.239887
0.240556
0.190904
0.19115
0.191387
0.0933733
0.24508
0.0958064
0.200015
0.210615
0.261101
0.261342
0.211356
0.311761
0.211998
0.212217
0.212418
0.212898
0.21331
0.213475
0.214763
0.265112
0.265724
0.216129
0.266375
0.216639
0.216786
0.216942
0.217464
0.217995
0.268427
0.218673
0.218874
0.219075
0.220764
0.222804
0.176464
0.227793
0.279609
0.182081
0.185642
0.186008
0.236752
0.288261
0.139257
0.140307
0.191375
0.192839
0.243241
0.193868
0.24526
0.195644
0.198521
0.0996701
0.210625
0.264846
0.115266
0.265521
0.0160261
0.216923
0.0170912
0.0178323
0.219219
0.21954
0.0198426
0.0211267
0.0212737
0.0215857
0.0220357
0.0225938
0.222858
0.173095
0.0232779
0.0235419
0.124207
0.124489
0.0246541
0.224855
0.225689
0.1761
0.226448
0.231287
0.0325174
0.233945
0.187821
0.239177
0.243729
0.247875
0.198286
0.24912
0.249558
0.149888
0.206671
0.257113
0.209663
0.260323
0.210569
0.260716
0.211238
0.212706
0.112853
0.213054
0.263493
0.213904
0.214769
0.215108
0.215438
0.266497
0.216848
0.217112
0.218114
0.21875
0.269287
0.274936
0.275716
0.228314
0.281776
0.232187
0.232571
0.284548
0.285094
0.285937
0.236486
0.236741
0.23709
0.18895
0.192871
0.243417
0.244224
0.244878
0.247989
0.249039
0.249588
0.149744
0.100173
0.315344
0.115492
0.265744
0.317456
0.267974
0.218152
0.118527
0.119743
0.269939
0.319953
0.220121
0.220403
0.0206135
0.0208865
0.0214055
0.0215795
0.0217536
0.0219186
0.0225576
0.0227856
0.0229866
0.223407
0.0236527
0.0239257
0.0243577
0.224631
0.225042
0.225216
0.225471
0.0261069
0.226998
0.22728
0.227955
0.228465
0.229317
0.229701
0.230193
0.230707
0.231163
0.2317
0.185045
0.285582
0.23593
0.186387
0.237014
0.238109
0.240626
0.241217
0.242249
0.292651
0.0933677
0.24431
0.2459
0.247472
0.249935
0.262007
0.2626
0.262828
0.262984
0.213185
0.313332
0.26356
0.213755
0.26377
0.213929
0.264313
0.268189
0.221111
0.22145
0.222005
0.1731
0.224132
0.224426
0.22553
0.277102
0.227937
0.229707
0.233151
0.234003
0.185728
0.236436
0.236847
0.187654
0.188191
0.23856
0.238971
0.189136
0.242013
0.244593
0.245382
0.246
0.246573
0.247065
0.0974403
0.247914
0.248316
0.248874
0.249022
0.262352
0.265458
0.266336
0.26651
0.116831
0.267095
0.217479
0.117662
0.268019
0.118202
0.118613
0.21876
0.218988
0.219184
0.269198
0.0194292
0.0197863
0.0199963
0.0202603
0.0207664
0.0216215
0.221778
0.0221266
0.0225016
0.0227026
0.0229846
0.223186
0.0233956
0.273579
0.0237977
0.2742
0.17441
0.227431
0.227842
0.228939
0.229305
0.229716
0.230184
0.230466
0.230913
0.231774
0.182752
0.233532
0.233943
0.235938
0.236907
0.237328
0.239069
0.189297
0.241022
0.241415
0.2453
0.246269
0.19767
0.248048
0.248285
0.250311
0.159771
0.259999
0.260302
0.110708
0.260722
0.260917
0.211969
0.213019
0.264012
0.215216
0.215609
0.215984
0.21743
0.118309
0.219188
0.21959
0.220991
0.221357
0.222074
0.173844
0.226937
0.277348
0.227768
0.228368
0.22877
0.22973
0.230033
0.230579
0.184833
0.185163
0.23579
0.0861834
0.237233
0.237653
0.239027
0.239979
0.190354
0.240684
0.242445
0.143747
0.245229
0.247035
0.248157
0.0985409
0.19987
0.262292
0.112307
0.264929
0.265107
0.215787
0.116033
0.216684
0.118155
0.118374
0.269019
0.0194297
0.0197958
0.0199608
0.0201528
0.0205548
0.0208279
0.171059
0.0210739
0.0213319
0.0215149
0.0217789
0.0220609
0.0222799
0.022544
0.272799
0.22333
0.226369
0.227698
0.229747
0.230224
0.280434
0.231691
0.231964
0.0337971
0.2359
0.23623
0.236668
0.237196
0.23875
0.239134
0.239698
0.240658
0.241249
0.24158
0.194106
0.244739
0.245141
0.295315
0.24557
0.245963
0.249839
0.257979
0.258354
0.259317
0.159792
0.261127
0.211529
0.211895
0.262373
0.262703
0.165713
0.216466
0.268272
0.219187
0.171209
0.224662
0.225082
0.227716
0.228091
0.278484
0.229363
0.230386
0.232282
0.232963
0.23341
0.233794
0.234746
0.18513
0.235442
0.235826
0.236222
0.236504
0.237239
0.238856
0.189222
0.241325
0.241655
0.242174
0.242585
0.0953631
0.0974391
0.248156
0.249143
0.249563
0.249974
0.113497
0.114226
0.214934
0.265457
0.01872
0.269209
0.219365
0.0195662
0.0199592
0.0201242
0.0203613
0.0206733
0.0208203
0.0210124
0.0214144
0.221615
0.221808
0.272204
0.0224316
0.0232986
0.22389
0.274256
0.224604
0.225409
0.225682
0.226093
0.22654
0.028484
0.078814
0.179015
0.279189
0.229996
0.230371
0.232402
0.28275
0.233134
0.237229
0.187658
0.238141
0.238579
0.0891072
0.189419
0.240055
0.240853
0.241966
0.242782
0.143175
0.243541
0.244123
0.244427
0.244901
0.24548
0.0956357
0.245846
0.0962598
0.196533
0.247781
0.199857
0.255103
0.206738
0.258512
0.208927
0.209119
0.209284
0.210299
0.211197
0.211758
0.212457
0.212667
0.212832
0.214801
0.215305
0.26568
0.215962
0.217012
0.217414
0.218356
0.220963
0.221392
0.221821
0.273978
0.226351
0.226979
0.229649
0.229991
0.230138
0.232196
0.232814
0.133558
0.28399
0.234392
0.234647
0.23504
0.185433
0.236087
0.236435
0.13726
0.187635
0.238271
0.241418
0.192531
0.248108
0.112051
0.11657
0.116975
0.217176
0.217422
0.117824
0.217989
0.218244
0.0198581
0.220113
0.220815
0.271475
0.0216582
0.0219703
0.0221983
0.0224803
0.222663
0.222855
0.0230474
0.0232214
0.0234494
0.0236054
0.0242664
0.224548
0.0247135
0.22495
0.225152
0.225326
0.0257276
0.225875
0.226103
0.226331
0.226478
0.227027
0.227201
0.227384
0.227648
0.227822
0.177987
0.178686
0.229079
0.229499
0.23027
0.23132
0.232964
0.233384
0.18501
0.235503
0.186317
0.237349
0.188192
0.239719
0.190616
0.242111
0.192621
0.19314
0.193911
0.194539
0.24486
0.195559
0.20955
0.210539
0.260959
0.211115
0.211343
0.211526
0.261869
0.211883
0.212069
0.212216
0.212408
0.212555
0.213233
0.213618
0.2167
0.167105
0.217261
0.218875
0.219232
0.220345
0.223744
0.224479
0.174809
0.226822
0.229636
0.182486
0.188423
0.189743
0.193205
0.0949032
0.19526
0.0981013
0.198863
0.213473
0.264606
0.115002
0.115275
0.215434
0.215818
0.216358
0.116898
0.217273
0.217931
0.0184532
0.218864
0.0201094
0.0202744
0.0212264
0.221612
0.222129
0.0223475
0.0225666
0.22275
0.223125
0.223929
0.0240847
0.224232
0.224478
0.0246249
0.0248619
0.225135
0.225399
0.025627
0.026065
0.226458
0.226731
0.0269681
0.0271151
0.227316
0.227754
0.230406
0.23214
0.182686
0.183988
0.235353
0.185746
0.186121
0.186541
0.187681
0.189554
0.241108
0.241708
0.247202
0.247475
0.198372
0.108717
0.208731
0.258917
0.259064
0.209448
0.209595
0.259917
0.260211
0.260385
0.211498
0.212002
0.212158
0.21283
0.163151
0.214111
0.214522
0.214915
0.218638
0.219274
0.219667
0.320141
0.220561
0.221035
0.221996
0.224324
0.225014
0.22871
0.229926
0.230274
0.23244
0.232833
0.235179
0.23658
0.187189
0.240381
0.240765
0.241185
0.246654
0.19702
0.0974313
0.247833
0.149108
0.0998344
0.264353
0.218098
0.118287
0.118825
0.220367
0.220526
0.2207
0.0209011
0.0213211
0.22166
0.221825
0.222004
0.272017
0.22259
0.0230795
0.0234995
0.0237095
0.0238565
0.224784
0.225039
0.0252667
0.0254587
0.225615
0.225861
0.22608
0.226227
0.226437
0.226803
0.0270489
0.0272409
0.0275229
0.22767
0.228219
0.228393
0.0285941
0.2295
0.232059
0.232314
0.182497
0.232707
0.232854
0.183643
0.235989
0.236869
0.189728
0.241183
0.24142
0.241984
0.242359
0.242734
0.243352
0.194069
0.194939
0.246979
0.207408
0.207738
0.258231
0.258387
0.210663
0.211771
0.212092
0.212954
0.213164
0.214457
0.21485
0.215435
0.215819
0.216581
0.21809
0.218627
0.0690385
0.219404
0.219783
0.219957
0.220326
0.220728
0.220965
0.221331
0.221697
0.222288
0.227343
0.177961
0.18019
0.236397
0.088518
0.239046
0.239952
0.292703
0.243384
0.243957
0.244359
0.245526
0.211305
0.113067
0.11337
0.264064
0.21422
0.214533
0.215358
0.115536
0.115982
0.0171132
0.0172603
0.26902
0.219404
0.0195957
0.0201987
0.0203637
0.0207748
0.0213218
0.0217539
0.0222759
0.0228429
0.223765
0.22414
0.224386
0.0247441
0.225137
0.225302
0.0256772
0.225869
0.226505
0.226862
0.229925
0.230462
0.233807
0.23421
0.0349715
0.185347
0.186343
0.241065
0.242115
0.242517
0.243356
0.143722
0.19407
0.244445
0.244592
0.19503
0.245432
0.245834
0.246452
0.247232
0.248957
0.199368
0.0997883
0.250636
0.26058
0.260736
0.26091
0.261057
0.261231
0.211396
0.061597
0.212422
0.213823
0.214243
0.165869
0.217358
0.217613
0.218393
0.218786
0.220862
0.221274
0.171775
0.222177
0.222609
0.222948
0.223353
0.223554
0.223902
0.224112
0.224649
0.225069
0.275894
0.227536
0.17815
0.228879
0.229026
0.279419
0.22983
0.231438
0.28178
0.232017
0.233382
0.234252
0.236725
0.238
0.191498
0.242512
0.19421
0.24715
0.249505
0.10927
0.264964
0.2656
0.115804
0.217317
0.11783
0.168031
0.0190068
0.0197849
0.0201959
0.220397
0.220781
0.021054
0.221336
0.021519
0.021756
0.221966
0.222239
0.0226441
0.0228271
0.0230371
0.0232651
0.0234392
0.223796
0.223979
0.0241442
0.224531
0.226828
0.227083
0.227422
0.177851
0.227999
0.178263
0.228464
0.228629
0.228959
0.229352
0.229508
0.229781
0.18129
0.233465
0.23471
0.185418
0.236297
0.188382
0.239486
0.239933
0.190326
0.24125
0.242021
0.242441
0.143473
0.244631
0.246601
0.208315
0.258864
0.259386
0.260304
0.110469
0.211583
0.211941
0.216594
0.219381
0.2199
0.220338
0.221883
0.222195
0.223893
0.228003
0.229404
0.229806
0.230298
0.230646
0.231066
0.231442
0.232249
0.182642
0.233251
0.233671
0.234604
0.236032
0.236638
0.236785
0.236941
0.237289
0.238807
0.239695
0.240061
0.24094
0.241891
0.194021
0.0950624
0.245986
0.0983054
0.0993465
0.164105
0.21436
0.115564
0.215939
0.0175269
0.0177639
0.218365
0.019004
0.119259
0.0198801
0.0201352
0.0207652
0.0210202
0.0213022
0.0216232
0.0218872
0.0220342
0.222181
0.222346
0.222757
0.0253995
0.22561
0.226588
0.229105
0.0296596
0.130665
0.231697
0.23245
0.23287
0.233803
0.234142
0.234547
0.234934
0.235126
0.235408
0.235591
0.235747
0.236905
0.238018
0.238681
0.239929
0.240277
0.240769
0.241702
0.192131
0.242542
0.0930255
0.195156
0.245558
0.246212
0.249325
0.199925
0.258337
0.259587
0.109601
0.209787
0.210265
0.110569
0.260944
0.261172
0.211622
0.215783
0.267508
0.219197
0.220886
0.222674
0.223049
0.22463
0.226319
0.226991
0.228176
0.229127
0.229538
0.229961
0.230153
0.230565
0.181303
0.231459
0.231843
0.232017
0.232263
0.2325
0.232857
0.183277
0.233652
0.235134
0.236517
0.236937
0.187564
0.237942
0.188089
0.189994
0.14189
0.242385
0.242706
0.192961
0.193489
0.193873
0.24424
0.24511
0.245485
0.0968947
0.198233
0.214033
0.114048
0.214829
0.265213
0.115363
0.11581
0.216324
0.267674
0.0184061
0.0189551
0.219102
0.0206493
0.0213244
0.0215794
0.0217894
0.221936
0.0222185
0.222429
0.222657
0.0228756
0.0231127
0.0232957
0.0234787
0.0236797
0.224496
0.225785
0.226778
0.228665
0.229616
0.233159
0.234317
0.234728
0.236678
0.236999
0.239264
0.190557
0.24113
0.243467
0.194157
0.246818
0.248849
0.249782
0.258378
0.2089
0.210313
0.260536
0.21055
0.210938
0.261689
0.211971
0.212638
0.262785
0.513169
0.213764
0.214019
0.264301
0.264493
0.215795
0.216215
0.216617
0.218189
0.218555
0.219821
0.220952
0.221516
0.22298
0.223373
0.225117
0.225537
0.226245
0.227853
0.228285
0.228495
0.230715
0.231819
0.182359
0.232623
0.185104
0.235488
0.237591
0.239127
0.191761
0.242262
0.242997
0.0957484
0.247617
0.110742
0.26191
0.113951
0.213962
0.115225
0.215617
0.216137
0.016704
0.0183072
0.0184632
0.0187932
0.0191413
0.219555
0.0197113
0.0199393
0.0201493
0.0205154
0.0207074
0.0208724
0.0211364
0.221502
0.221775
0.222315
0.222628
0.222784
0.223204
0.223759
0.224233
0.224779
0.225163
0.226303
0.227029
0.227935
0.23191
0.232771
0.234964
0.238336
0.240124
0.241084
0.19271
0.193625
0.244144
0.144972
0.245236
0.149652
0.250055
0.257916
0.208669
0.259156
0.259953
0.210372
0.211768
0.212014
0.212563
0.262729
0.213179
0.213362
0.213677
0.214025
0.214445
0.214811
0.215339
0.216704
0.217484
0.219047
0.219467
0.269842
0.220685
0.221024
0.222128
0.222677
0.0229323
0.273802
0.224159
0.225605
0.227231
0.22767
0.22827
0.178609
0.233916
0.284408
0.234828
0.235248
0.236586
0.237042
0.187435
0.287747
0.288491
0.189509
0.289851
0.240097
0.0946401
0.194913
0.19506
0.245234
0.145762
0.0961553
0.0985823
0.258262
0.218708
0.269659
0.219673
0.220145
0.220301
0.27065
0.270828
0.170842
0.120996
0.222137
0.222356
0.0225844
0.0228034
0.0232895
0.0236375
0.0240876
0.0242346
0.224448
0.274463
0.224868
0.225042
0.225234
0.0256268
0.225792
0.0259659
0.0261129
0.0263679
0.0265959
0.226947
0.0271839
0.2277
0.17791
0.228312
0.228549
0.228768
0.178978
0.179866
0.230331
0.230715
0.232422
0.185182
0.286214
0.236635
0.187109
0.138708
0.24091
0.0916897
0.243055
0.19352
0.0941019
0.147078
0.247714
0.108753
0.210573
0.260756
0.210957
0.211399
0.211837
0.212773
0.213184
0.217564
0.219028
0.219664
0.222316
0.1727
0.223111
0.223459
0.225769
0.226126
0.226663
0.227578
0.189599
0.192755
0.245929
0.198536
0.198983
0.0993764
0.161655
0.111811
0.0141115
0.114514
0.114685
0.2147
0.0155277
0.0157018
0.216392
0.0176801
0.0187362
0.0192582
0.169597
0.220579
0.0209994
0.0217485
0.0222055
0.222362
0.222545
0.222809
0.0231136
0.223678
0.223906
0.224053
0.224263
0.0244368
0.225079
0.225445
0.22582
0.225985
0.026141
0.226519
0.226858
0.227032
0.227215
0.227434
0.227653
0.278595
0.228997
0.232567
0.184224
0.234725
0.235128
0.185512
0.236517
0.237486
0.238446
0.240333
0.0923098
0.192739
0.246318
0.247044
0.148283
0.256274
0.108331
0.209318
0.259711
0.210281
0.212636
0.213692
0.214724
0.115454
0.215823
0.216381
0.216618
0.216882
0.218679
0.269792
0.220149
0.221667
0.222501
0.22582
0.226762
0.227956
0.228799
0.229282
0.230458
0.23086
0.232783
0.233995
0.187376
0.187778
0.239539
0.239914
0.240226
0.240538
0.190904
0.243043
0.0938503
0.0945583
0.0965714
0.0985484
0.259535
0.209727
0.110369
0.111862
0.264264
0.0162108
0.017514
0.218138
0.0195511
0.0199451
0.0202092
0.0203562
0.0206432
0.221057
0.0213392
0.0222093
0.0224373
0.222749
0.0228964
0.223043
0.223317
0.223683
0.0239376
0.0241836
0.224376
0.224559
0.224916
0.225912
0.226863
0.228579
0.278954
0.229302
0.130905
0.231649
0.232024
0.232624
0.183395
0.233791
0.23401
0.234511
0.284922
0.237332
0.237716
0.188127
0.139771
0.0918475
0.24225
0.247377
0.248625
0.250336
0.156578
0.25884
0.209122
0.260561
0.210744
0.261687
0.262164
0.263662
0.263881
0.264109
0.215264
0.216572
0.217073
0.21743
0.218237
0.219341
0.221714
0.223304
0.225182
0.226637
0.227048
0.228836
0.229922
0.230477
0.180897
0.231714
0.233628
0.23394
0.234288
0.234717
0.238989
0.239355
0.241269
0.24321
0.244827
0.448325
0.198655
0.199042
0.249453
0.0996181
0.00752299
0.210814
0.211208
0.262037
0.112052
0.112849
0.113205
0.263702
0.266562
0.167102
0.317348
0.0176905
0.0179545
0.0183745
0.26939
0.269672
0.269873
0.220065
0.320338
0.0208628
0.0210998
0.0212738
0.0215558
0.0219308
0.0221318
0.223203
0.023395
0.023659
0.224925
0.22767
0.228684
0.279233
0.22938
0.180529
0.232695
0.23505
0.535425
0.235899
0.236563
0.237757
0.188609
0.23902
0.239764
0.240481
0.241315
0.241864
0.292584
0.242731
0.193004
0.193164
0.243178
0.243601
0.244024
0.244297
0.244561
0.244954
0.0952273
0.348005
0.248425
0.255242
0.259788
0.160034
0.211013
0.211196
0.211743
0.213452
0.213872
0.215845
0.267732
0.21907
0.219454
0.26982
0.220168
0.220579
0.220918
0.271303
0.221705
0.222089
0.173481
0.174783
0.225986
0.227405
0.228014
0.228974
0.179403
0.229958
0.180306
0.231023
0.231434
0.231881
0.58222
0.233351
0.233798
0.236135
0.236744
0.237263
0.238232
0.240831
0.292142
0.0934707
0.0942777
0.0956158
0.24663
0.247887
0.198559
0.249744
0.0127305
0.214035
0.26444
0.114984
0.165322
0.615514
0.015679
0.016027
0.0164861
0.267119
0.0174772
0.118239
0.218569
0.0195695
0.220128
0.270497
0.0209166
0.0210674
0.0212407
0.0213967
0.0215707
0.222247
0.222448
0.622685
0.222895
0.223042
0.023234
0.22456
0.0255981
0.577492
0.228017
0.22841
0.228779
0.22919
0.229454
0.229727
0.230021
0.230432
0.230826
0.231777
0.233808
0.234228
0.234855
0.235734
0.590042
0.641461
0.242952
0.243651
0.194026
0.244734
0.245568
0.245979
0.596534
0.196954
0.248508
0.198829
0.199501
0.15994
0.260462
0.660984
0.211185
0.212183
0.612402
0.21263
0.263408
0.213981
0.264338
0.215312
0.265805
0.267125
0.21762
0.222567
0.672978
0.22572
0.226042
0.676885
0.227395
0.22813
0.229063
0.629888
0.231019
0.231385
0.231805
0.233908
0.234787
0.236404
0.237526
0.188009
0.238339
0.238876
0.0899442
0.241021
0.241378
0.693778
0.0967724
0.197201
0.197639
0.0980685
0.248618
0.248801
0.249212
0.249542
0.264509
0.266418
0.11642
0.216429
0.017141
0.0177981
0.0179811
0.268137
0.268476
0.218704
0.218878
0.219106
0.219334
0.219481
0.669718
0.219955
0.220607
0.0210176
0.0212096
0.0215306
0.221795
0.272143
0.0223617
0.272521
0.222536
0.0226948
0.0228598
0.0232918
0.0236698
0.223817
0.124147
0.224429
0.224831
0.675398
0.225554
0.0258181
0.226148
0.226299
0.176313
0.226481
0.676718
0.227399
0.677957
0.228377
0.228587
0.678744
0.228891
0.0290556
0.229257
0.680406
0.232797
0.233307
0.234348
0.187153
0.237708
0.238794
0.189952
0.240483
0.190639
0.191104
0.0971761
0.247695
0.249078
0.199804
0.256253
0.107225
0.209571
0.260914
0.211454
0.161811
0.212075
0.212595
0.213135
0.213363
0.213966
0.164323
0.216102
0.216294
0.216912
0.217982
0.218393
0.268813
0.219143
0.270067
0.221378
0.222257
0.222677
0.22694
0.227369
0.228798
0.280298
0.230754
0.231453
0.231765
0.232131
0.232497
0.183731
0.234169
0.234589
0.235144
0.235576
0.235804
0.236014
0.187271
0.240634
0.241909
0.742239
0.74256
0.0949605
0.0954885
0.196998
0.247418
0.213967
0.115327
0.115688
0.215702
0.115996
0.216206
0.21638
0.21659
0.216732
0.217133
0.217307
0.0178142
0.269345
0.219519
0.219675
0.0213117
0.0214587
0.0216688
0.0219418
0.222344
0.0224999
0.0232439
0.0234359
0.0236819
0.223964
0.224192
0.224465
0.224702
0.0249031
0.0250681
0.225233
0.225389
0.225776
0.0259592
0.226187
0.226406
0.227718
0.228462
0.229593
0.232156
0.233251
0.233905
0.234307
0.235087
0.186326
0.187097
0.237517
0.239773
0.241039
0.19271
0.195272
0.0479782
0.148344
0.199808
0.200313
0.259078
0.209225
0.209601
0.109616
0.159994
0.260666
0.211005
0.211695
0.212061
0.212445
0.213324
0.216936
0.0672392
0.168172
0.22043
0.22085
0.221504
0.22259
0.223271
0.224276
0.224813
0.227627
0.228785
0.229286
0.229976
0.230396
0.231015
0.233217
0.234078
0.234552
0.238257
0.188695
0.239025
0.139382
0.0902159
0.191698
0.24264
0.192988
0.245298
0.198049
0.0152592
0.266348
0.216621
0.266808
0.216822
0.266985
0.116999
0.117261
0.217275
0.0186526
0.0188986
0.219292
0.0195467
0.0197117
0.0198587
0.220483
0.0206658
0.0209028
0.0210768
0.22138
0.0218749
0.222085
0.222415
0.022598
0.22288
0.223135
0.223654
0.223846
0.0251773
0.22557
0.226705
0.177146
0.227841
0.228033
0.179137
0.231213
0.23184
0.232179
0.232608
0.232965
0.18334
0.236676
0.287177
0.188155
0.23889
0.239283
0.239658
0.190456
0.241686
0.0923133
0.243039
0.245079
0.0954904
0.49591
0.0963215
0.258141
0.208543
0.208771
0.259137
0.210417
0.212553
0.213238
0.21385
0.214234
0.214681
0.215443
0.216052
0.21676
0.216926
0.267127
0.217667
0.217832
0.217997
0.218216
0.218636
0.219425
0.219899
0.220958
0.221702
0.222349
0.223012
0.223423
0.223807
0.224398
0.224836
0.227317
0.177881
0.234088
0.0892604
0.0920384
0.142458
0.143166
0.0945945
0.245009
0.195156
0.264554
0.214569
0.264728
0.215325
0.116133
0.216289
0.216802
0.217924
0.0184313
0.0191393
0.0193403
0.0195774
0.119733
0.170129
0.0207115
0.0209035
0.221159
0.0217256
0.0219626
0.0221276
0.222458
0.222731
0.222905
0.0231507
0.223379
0.223928
0.0241469
0.224393
0.224558
0.224897
0.0251611
0.225344
0.225536
0.226175
0.0264572
0.177966
0.228953
0.229346
0.232709
0.234029
0.234533
0.234815
0.235191
0.235401
0.185548
0.0862736
0.287279
0.237645
0.238011
0.238323
0.239148
0.190567
0.244524
0.246834
0.097938
0.25815
0.258306
0.109009
0.259183
0.109384
0.260614
0.210761
0.211136
0.261743
0.211899
0.212301
0.212574
0.213486
0.214452
0.217068
0.220737
0.221148
0.271523
0.172825
0.22323
0.223386
0.224774
0.224957
0.229427
0.230234
0.23132
0.232388
0.182754
0.233201
0.235844
0.239259
0.239469
0.24051
0.190904
0.192404
0.142824
0.245764
0.0973266
0.0977377
0.0993457
0.249811
0.0124353
0.262609
0.212993
0.213185
0.263984
0.214776
0.165115
0.016064
0.0172701
0.217417
0.217765
0.267952
0.217966
0.219714
0.219942
0.0220977
0.272254
0.122671
0.22301
0.273205
0.22322
0.0234508
0.223643
0.224588
0.224765
0.225224
0.0255971
0.0258611
0.0260621
0.0262541
0.1265
0.0266562
0.0269202
0.227112
0.277304
0.227505
0.227742
0.0279345
0.2293
0.23152
0.233191
0.233665
0.235345
0.236603
0.237068
0.237551
0.238052
0.188421
0.238694
0.239033
0.23957
0.190089
0.241841
0.192351
0.0927712
0.244622
0.145006
0.195318
0.196008
0.246671
0.197586
0.249063
0.2493
0.211027
0.261384
0.211804
0.162098
0.212272
0.162419
0.213257
0.213539
0.213713
0.214073
0.214448
0.214667
0.215966
0.216341
0.216986
0.21942
0.220659
0.223302
0.223686
0.226149
0.227486
0.0781131
0.22928
0.130231
0.231056
0.231449
0.231797
0.232613
0.233195
0.237089
0.237428
0.1882
0.0914456
0.0965456
0.198127
0.210715
0.110723
0.112924
0.264345
0.265017
0.215032
0.215419
0.215602
0.21583
0.016811
0.016976
0.017507
0.0193101
0.0195111
0.220189
0.0218183
0.222019
0.222667
0.222979
0.0231385
0.223487
0.223697
0.0238616
0.0240717
0.224228
0.0246387
0.0249027
0.0251577
0.22535
0.125779
0.228293
0.228659
0.230789
0.181146
0.23405
0.234491
0.234665
0.235085
0.185517
0.2357
0.235847
0.236591
0.238109
0.0907885
0.241443
0.191872
0.242274
0.147572
0.260379
0.110394
0.21058
0.26079
0.210977
0.260991
0.211159
0.211543
0.111949
0.211963
0.212386
0.212551
0.262779
0.263457
0.213869
0.214307
0.215147
0.166962
0.217445
0.218387
0.21881
0.218975
0.219341
0.220544
0.223934
0.224705
0.225296
0.226463
0.177837
0.229526
0.230186
0.230351
0.230588
0.231137
0.231302
0.231725
0.231971
0.232553
0.233163
0.236778
0.237477
0.240876
0.293159
0.243516
0.0960687
0.0964978
0.197314
0.0985259
0.248946
0.199312
0.114579
0.115948
0.217384
0.118077
0.218323
0.218524
0.319134
0.219148
0.219718
0.0212026
0.221395
0.222205
0.17237
0.222652
0.0228529
0.0230179
0.0231919
0.223375
0.023798
0.024026
0.024218
0.024512
0.0246591
0.0252271
0.225464
0.22571
0.226085
0.0271863
0.0291774
0.229597
0.231091
0.18143
0.181779
0.232307
0.232637
0.183367
0.23403
0.234396
0.235914
0.187963
0.238437
0.239712
0.241176
0.241551
0.19207
0.19357
0.243909
0.14432
0.248808
0.249381
0.209652
0.259784
0.209799
0.259958
0.211
0.261708
0.262104
0.212509
0.212893
0.263166
0.263421
0.21409
0.214699
0.215137
0.215737
0.167072
0.270345
0.220756
0.221294
0.222479
0.223367
0.223877
0.224432
0.224942
0.225776
0.176151
0.226868
0.227513
0.229922
0.23333
0.183669
0.234239
0.234476
0.234788
0.235199
0.235355
0.23573
0.187482
0.189666
0.191157
0.241982
0.192375
0.0993925
0.213407
0.213773
0.11535
0.115506
0.115899
0.0162648
0.266421
0.0169109
0.017646
0.0184801
0.0186271
0.119459
0.0208364
0.0215174
0.221727
0.0226066
0.0228436
0.223237
0.0236027
0.123759
0.223906
0.224275
0.0244848
0.0251269
0.175487
0.225733
0.225889
0.227305
0.278067
0.228532
0.231022
0.231577
0.233203
0.23365
0.233971
0.234346
0.236386
0.238021
0.188865
0.0392576
0.241145
0.243428
0.24401
0.244349
0.194931
0.245252
0.245726
0.196137
0.0964399
0.147859
0.098963
0.258592
0.258766
0.20931
0.259324
0.211119
0.261467
0.211659
0.21187
0.262254
0.212632
0.212827
0.262842
0.213073
0.213319
0.213484
0.213658
0.113832
0.214334
0.214517
0.215363
0.215756
0.216734
0.217166
0.217313
0.217706
0.218919
0.219321
0.219594
0.219867
0.220305
0.221203
0.222613
0.223294
0.225712
0.226483
0.229063
0.233569
0.184392
0.23462
0.186678
0.237098
0.23903
0.0902872
0.142147
0.242531
0.0939774
0.19599
0.196743
0.248423
0.0138771
0.0140242
0.215254
0.215587
0.215962
0.266154
0.116494
0.218631
0.11879
0.218805
0.218968
0.219141
0.219829
0.0204441
0.0208461
0.221413
0.0218062
0.0222062
0.222389
0.222644
0.22325
0.223478
0.223625
0.223982
0.0245435
0.0247085
0.0248735
0.225297
0.225579
0.225735
0.0259716
0.226128
0.0263917
0.126602
0.226986
0.22716
0.0273969
0.177598
0.227772
0.227928
0.179842
0.180577
0.23142
0.231948
0.18226
0.184597
0.135017
0.0353383
0.0893134
0.239733
0.247191
0.147728
0.198104
0.249136
0.203786
0.210868
0.211042
0.261706
0.21188
0.212054
0.212264
0.212501
0.212822
0.213134
0.213896
0.214649
0.265285
0.215468
0.215615
0.215771
0.216713
0.217088
0.218561
0.21935
0.220679
0.224132
0.224606
0.276965
0.227184
0.27827
0.229455
0.23028
0.233256
0.233892
0.236528
0.286921
0.239474
0.191073
0.19296
0.0943791
0.245798
0.246218
0.0980332
0.199308
0.111504
0.211699
0.162951
0.113284
0.213774
0.21448
0.215158
0.0176618
0.218205
0.218922
0.0192909
0.0195549
0.019966
0.220534
0.220735
0.0210291
0.221221
0.221386
0.0216261
0.0223612
0.0227002
0.222847
0.223048
0.223294
0.223859
0.224042
0.224306
0.0245075
0.224681
0.225312
0.225513
0.225669
0.0260917
0.22632
0.0265209
0.226695
0.226914
0.178009
0.178969
0.179484
0.0300721
0.182982
0.234131
0.234443
0.234926
0.235958
0.187179
0.237914
0.240854
0.191868
0.19228
0.196642
0.247593
0.19795
0.248397
0.249879
0.158108
0.208255
0.210015
0.211196
0.211725
0.21211
0.212743
0.214102
0.215059
0.215533
0.216124
0.217102
0.218656
0.219049
0.219445
0.219829
0.220111
0.220576
0.220996
0.22219
0.224518
0.227053
0.231604
0.235147
0.185549
0.286897
0.187317
0.191835
0.192327
0.0927381
0.246092
0.196512
0.247517
0.0999173
0.260363
0.110657
0.211179
0.265452
0.0167123
0.0189277
0.219312
0.21954
0.219741
0.220053
0.270218
0.22041
0.220641
0.120656
0.220887
0.22128
0.221646
0.222405
0.222624
0.0234315
0.0236415
0.0239535
0.0241815
0.224455
0.224665
0.0249286
0.0250936
0.0256427
0.0258167
0.226561
0.2269
0.227293
0.0275119
0.0277129
0.22786
0.228235
0.178427
0.228583
0.228838
0.279057
0.229258
0.230254
0.231115
0.18221
0.232558
0.235696
0.239078
0.240434
0.243923
0.245396
0.198331
0.248706
0.199909
0.206447
0.207079
0.107887
0.258206
0.210359
0.210689
0.211083
0.261422
0.211743
0.212145
0.212935
0.213367
0.213523
0.213697
0.214448
0.21485
0.215946
0.216156
0.116531
0.216852
0.217035
0.217392
0.218667
0.219042
0.225189
0.227238
0.228468
0.228924
0.230847
0.186352
0.186853
0.187597
0.188917
0.0899855
0.241526
0.242342
0.244121
0.0951982
0.11173
0.213435
0.214253
0.265481
0.215829
0.215985
0.21624
0.21646
0.266652
0.116835
0.0171826
0.0177377
0.218416
0.0196759
0.0200239
0.0204149
0.221657
0.221822
0.222206
0.0223621
0.222545
0.2228
0.0230463
0.0233013
0.223448
0.273934
0.224099
0.0242465
0.22512
0.225525
0.27554
0.0257076
0.0264936
0.226731
0.177142
0.227343
0.227727
0.0278828
0.278222
0.228624
0.228771
0.229677
0.180349
0.230769
0.231318
0.231465
0.231876
0.182611
0.183346
0.235431
0.23865
0.289016
0.289364
0.240019
0.192158
0.245674
0.246031
0.196379
0.24679
0.14757
0.249943
0.20756
0.208143
0.258158
0.308878
0.109636
0.209828
0.110492
0.110867
0.164706
0.217268
0.223061
0.224066
0.226169
0.276562
0.227324
0.230084
0.230414
0.230762
0.231128
0.232007
0.182868
0.233747
0.234599
0.2351
0.235604
0.235877
0.236439
0.236649
0.237082
0.237283
0.237502
0.237895
0.238819
0.239203
0.240595
0.0910508
0.191585
0.241867
0.142095
0.244142
0.196173
0.246962
0.248309
0.1989
0.299293
0.24965
0.212414
0.214234
0.114897
0.215698
0.115873
0.116368
0.216551
0.0180848
0.0183128
0.0184688
0.0193309
0.019706
0.019979
0.020135
0.020318
0.02073
0.120958
0.0211321
0.0213421
0.221681
0.221828
0.22211
0.0235973
0.173744
0.17411
0.224504
0.224906
0.225236
0.227969
0.228281
0.22934
0.22976
0.230237
0.230384
0.23078
0.230954
0.1815
0.232658
0.233294
0.234794
0.235124
0.235667
0.235841
0.236096
0.236642
0.237692
0.239921
0.0919885
0.242382
0.243045
0.243879
0.195325
0.245754
0.196966
0.256955
0.207598
0.208265
0.209211
0.209577
0.21054
0.261487
0.212186
0.163785
0.214067
0.215144
0.216419
0.167739
0.219626
0.221585
0.222089
0.222491
0.222773
0.223229
0.223649
0.22406
0.227531
0.18066
0.231584
0.232014
0.18418
0.234753
0.185974
0.236394
0.0885867
0.239295
0.18967
0.240081
0.24051
0.242307
0.244293
0.094731
0.195277
0.195625
0.097739
0.0148299
0.215671
0.215872
0.116553
0.26732
0.217334
0.117547
0.268004
0.218378
0.21941
0.119575
0.0200877
0.0206108
0.0216788
0.221889
0.272375
0.0226569
0.222912
0.223314
0.0237531
0.0239721
0.0242271
0.224446
0.224665
0.0249382
0.225103
0.22525
0.225628
0.0258473
0.226012
0.226195
0.226605
0.227298
0.227499
0.227781
0.0284467
0.228702
0.0309479
0.231452
0.231827
0.181992
0.133753
0.23447
0.136447
0.23675
0.237125
0.237473
0.237848
0.0939564
0.246311
0.247595
0.249492
0.210975
0.211176
0.211341
0.211605
0.21177
0.162007
0.262208
0.212373
0.212538
0.212832
0.213042
0.213591
0.113765
0.213939
0.214105
0.215687
0.216107
0.216779
0.218351
0.219329
0.169731
0.221249
0.22202
0.222782
0.226127
0.226493
0.227336
0.227675
0.228743
0.229802
0.230537
0.231083
0.231476
0.231863
0.232412
0.232545
0.332559
0.232946
0.233655
0.234426
0.185647
0.186256
0.23664
0.2412
0.192151
0.243606
0.194944
0.096021
0.097728
0.09995
0.210447
0.0136442
0.0155394
0.0158215
0.0163466
0.0170216
0.0172046
0.0178737
0.0181107
0.118399
0.218414
0.218685
0.219131
0.219296
0.219533
0.219698
0.0211081
0.0213361
0.0215911
0.0223152
0.0226722
0.222936
0.173545
0.224352
0.224853
0.22521
0.225549
0.176815
0.227199
0.227791
0.228157
0.228973
0.230662
0.231055
0.181457
0.231877
0.232315
0.0831579
0.183695
0.236401
0.236749
0.187295
0.238687
0.239107
0.23995
0.246724
0.248251
0.255126
0.255465
0.20738
0.157683
0.258932
0.212129
0.212276
0.212531
0.212714
0.213383
0.0144511
0.214697
0.215225
0.215948
0.216845
0.217787
0.218612
0.219185
0.220307
0.220692
0.221301
0.222045
0.222429
0.223542
0.223989
0.174787
0.17599
0.228165
0.229098
0.230256
0.231099
0.231654
0.185008
0.138299
0.240132
0.191038
0.2427
0.243192
0.194503
0.0953733
0.0957483
0.197572
0.197911
0.0993935
0.100056
0.0155435
0.0157175
0.0162306
0.0169257
0.117776
0.21779
0.268015
0.21803
0.218501
0.21872
0.218894
0.219122
0.21935
0.21956
0.219962
0.220199
0.220346
0.220493
0.221538
0.0216975
0.0222036
0.222757
0.223171
0.223408
0.224008
0.025541
0.025796
0.026153
0.226381
0.226663
0.226918
0.227074
0.227302
0.227494
0.227767
0.277986
0.0285233
0.228706
0.0288534
0.229339
0.0296125
0.180032
0.230426
0.231827
0.233885
0.185007
0.187488
0.187845
0.191001
0.0913758
0.24356
0.24632
0.20463
0.155758
0.308957
0.209104
0.309452
0.209911
0.211003
0.111222
0.21177
0.212181
0.212928
0.213084
0.213249
0.213744
0.213918
0.21444
0.214704
0.215079
0.215409
0.265838
0.216252
0.21681
0.216975
0.217608
0.218166
0.218559
0.168806
0.219163
0.219382
0.220174
0.220594
0.221095
0.223252
0.17477
0.225082
0.226222
0.327281
0.177737
0.180659
0.231322
0.132642
0.134214
0.236425
0.238699
0.0909913
0.191375
0.0931993
0.0957253
0.196109
0.0980954
0.200009
0.263816
0.113828
0.21544
0.115922
0.216229
0.117617
0.218022
0.0185443
0.0187004
0.0191204
0.0194024
0.219741
0.219889
0.0204176
0.0209217
0.0210777
0.0216387
0.0218938
0.222068
0.0223138
0.0225059
0.0233109
0.22399
0.224245
0.224632
0.224815
0.225079
0.225382
0.225592
0.175908
0.225922
0.226081
0.226438
0.226702
0.226858
0.22717
0.22831
0.22963
0.230189
0.180336
0.231431
0.181734
0.134665
0.235274
0.235694
0.186096
0.186525
0.188241
0.189012
0.139918
0.190293
0.140875
0.0432932
0.194316
0.19551
0.197212
0.247827
0.248211
0.24843
0.248694
0.199546
0.19993
0.207656
0.208666
0.209535
0.211421
0.211568
0.211742
0.262563
0.21271
0.215392
0.216079
0.216454
0.167252
0.217819
0.218122
0.218324
0.218717
0.220901
0.221267
0.221669
0.175629
0.225839
0.18156
0.185202
0.236639
0.187644
0.237974
0.188358
0.190407
0.242267
0.192687
0.0930803
0.194652
0.0950544
0.247022
0.197379
0.198628
0.215123
0.218023
0.218469
0.118944
0.218958
0.219327
0.119679
0.219693
0.220107
0.220254
0.220826
0.0211923
0.221339
0.221759
0.0219873
0.0224344
0.0226984
0.0229714
0.0232355
0.0235565
0.0238025
0.224205
0.224478
0.22476
0.225024
0.0252247
0.0253987
0.0259727
0.226633
0.226906
0.22717
0.227416
0.227653
0.228076
0.228295
0.0287782
0.185156
0.187052
0.187472
0.187847
0.188438
0.189677
0.19125
0.0925426
0.192972
0.194787
0.195153
0.146131
0.206737
0.207394
0.208164
0.259439
0.210292
0.211682
0.212883
0.213129
0.215325
0.216123
0.216333
0.216897
0.217443
0.218223
0.219261
0.219636
0.220407
0.220782
0.223281
0.224367
0.224778
0.127457
0.22785
0.228495
0.228915
0.230298
0.230799
0.181192
0.231801
0.232252
0.232408
0.236851
0.189341
0.189752
0.0940867
0.0947137
0.0951368
0.19541
0.198242
0.211557
0.263088
0.013256
0.214121
0.215778
0.116024
0.116171
0.216345
0.0168434
0.0170175
0.0172005
0.0176416
0.118782
0.118938
0.119085
0.019571
0.21979
0.0203941
0.0214712
0.222314
0.222852
0.223062
0.0232903
0.223572
0.0237194
0.225069
0.225885
0.0270906
0.227772
0.228165
0.228585
0.229008
0.229173
0.031483
0.182035
0.182299
0.232536
0.232737
0.184651
0.2352
0.235473
0.236307
0.136727
0.237165
0.238575
0.241245
0.241647
0.0921845
0.242569
0.24433
0.244741
0.0960967
0.246661
0.248323
0.249022
0.249811
0.259132
0.209297
0.209819
0.210122
0.212681
0.214508
0.214874
0.21525
0.215688
0.216999
0.217368
0.217569
0.217953
0.218145
0.218487
0.218652
0.171637
0.222147
0.225879
0.226425
0.227232
0.228903
0.229296
0.229689
0.230082
0.231402
0.23265
0.233061
0.23448
0.234865
0.237508
0.238603
0.189017
0.189182
0.240016
0.190382
0.242116
0.0930849
0.244531
0.24613
0.246487
0.09688
0.0990191
0.215619
0.216165
0.166312
0.116562
0.0172376
0.0188427
0.0193737
0.16962
0.0202438
0.0203908
0.0205828
0.0208559
0.0212489
0.221825
0.222035
0.22229
0.222455
0.0226291
0.222839
0.0230581
0.0235981
0.0243672
0.224916
0.225108
0.175771
0.226164
0.227025
0.227679
0.231723
0.232252
0.233293
0.233713
0.234538
0.234877
0.236296
0.236779
0.187883
0.238249
0.0388039
0.239179
0.189599
0.189974
0.19106
0.0929741
0.244258
0.197261
0.24769
0.258261
0.258471
0.108993
0.209149
0.209305
0.259579
0.259744
0.260146
0.210311
0.211331
0.211724
0.26221
0.212585
0.214469
0.266464
0.216839
0.218006
0.0184263
0.219206
0.219635
0.224834
0.225264
0.225657
0.22614
0.227226
0.227604
0.227787
0.229188
0.231102
0.131672
0.232086
0.232509
0.232719
0.182929
0.133202
0.183421
0.233994
0.186106
0.190117
0.240762
0.24111
0.241656
0.193642
0.244161
0.0965433
0.199321
0.214518
0.114665
0.214816
0.265467
0.216203
0.216413
0.0166406
0.117165
0.217297
0.218099
0.0197372
0.0200942
0.120415
0.221174
0.221438
0.0219515
0.0221975
0.122366
0.222381
0.222741
0.222897
0.223179
0.0234517
0.0238177
0.0240817
0.0244597
0.0246157
0.0248617
0.0250178
0.22521
0.225384
0.226209
0.176692
0.227544
0.177946
0.230193
0.231178
0.281571
0.231844
0.232255
0.233521
0.234121
0.234811
0.235393
0.235723
0.23612
0.236321
0.237096
0.18727
0.187627
0.239406
0.242481
0.144611
0.245052
0.245244
0.246591
0.09693
0.14825
0.199714
0.25021
0.205941
0.211421
0.213726
0.215541
0.0672656
0.217668
0.218106
0.220965
0.221385
0.22311
0.223602
0.225183
0.226251
0.226941
0.227514
0.227883
0.228093
0.228495
0.229644
0.229974
0.23088
0.231516
0.23199
0.232402
0.232768
0.234205
0.234562
0.184928
0.236302
0.237271
0.238528
0.188939
0.191051
0.141993
0.24334
0.19412
0.244477
0.0948341
0.0952452
0.0983562
0.198731
0.215676
0.215832
0.216531
0.216897
0.117125
0.217362
0.218139
0.0187717
0.0189637
0.0204178
0.220956
0.221121
0.021349
0.0215231
0.0221991
0.222391
0.222538
0.0230022
0.223509
0.0237192
0.224976
0.225168
0.225525
0.225807
0.225964
0.226192
0.226522
0.22675
0.0271707
0.0275078
0.227829
0.228048
0.22848
0.228882
0.229146
0.22941
0.0305071
0.0308461
0.231038
0.181584
0.231977
0.182379
0.232754
0.233174
0.233531
0.236219
0.0955465
0.14639
0.199528
0.208503
0.210358
0.210724
0.212257
0.212788
0.21307
0.213499
0.213892
0.21487
0.215443
0.215809
0.216295
0.216442
0.216653
0.217451
0.217853
0.218255
0.218594
0.21899
0.219155
0.119962
0.220364
0.221585
0.222311
0.222716
0.223091
0.223337
0.223955
0.174474
0.22781
0.229373
0.231116
0.234119
0.235701
0.186715
0.18781
0.240174
0.0938336
0.0941997
0.244566
0.196912
0.0981328
0.0987419
0.199045
0.211732
0.212814
0.21297
0.214417
0.0157432
0.0159713
0.0161993
0.0165474
0.0171084
0.0172644
0.0180815
0.0182645
0.0189455
0.219111
0.219258
0.220586
0.220796
0.221033
0.22118
0.221564
0.0220859
0.22247
0.222671
0.222935
0.223667
0.0238141
0.224144
0.2243
0.225296
0.225701
0.225902
0.227375
0.227696
0.228602
0.23013
0.230514
0.232644
0.233019
0.233484
0.183832
0.234972
0.185374
0.036873
0.18702
0.187221
0.187626
0.18789
0.188283
0.188556
0.189066
0.18954
0.191751
0.192234
0.193095
0.194209
0.247266
0.200134
0.258485
0.259723
0.260236
0.161486
0.211732
0.211942
0.212471
0.212672
0.213092
0.213632
0.213896
0.214421
0.21495
0.21549
0.215865
0.216729
0.21838
0.0694568
0.224692
0.225196
0.22558
0.225808
0.226036
0.229192
0.181871
0.233254
0.186347
0.23719
0.189968
0.0940424
0.0957584
0.197267
0.198552
0.199206
0.199806
0.210294
0.212526
0.265335
0.215683
0.21583
0.115995
0.116952
0.217126
0.218199
0.218934
0.0191621
0.219522
0.269687
0.220524
0.0214072
0.0217373
0.0219203
0.0222143
0.222424
0.0227364
0.0231024
0.223321
0.223522
0.0239156
0.0242916
0.224502
0.224685
0.224988
0.22575
0.226092
0.0263739
0.226521
0.0267579
0.0270699
0.227718
0.227901
0.228102
0.0284261
0.228582
0.178765
0.228921
0.229323
0.229569
0.230007
0.232182
0.232494
0.184936
0.185357
0.18575
0.186377
0.23713
0.191348
0.0919658
0.1437
0.194093
0.244936
0.247003
0.197387
0.0985359
0.198965
0.209211
0.209394
0.209805
0.260069
0.210748
0.210904
0.211488
0.211836
0.21255
0.21297
0.213318
0.21381
0.21426
0.214425
0.214926
0.216813
0.217575
0.219741
0.220128
0.220533
0.220836
0.22101
0.221229
0.221403
0.172237
0.222586
0.224563
0.225118
0.225871
0.177488
0.228169
0.22876
0.234409
0.235585
0.141621
0.192008
0.192155
0.192557
0.0939491
0.194351
0.194735
0.14565
0.0967003
0.213437
0.0146433
0.115493
0.216015
0.216538
0.117808
0.21821
0.118423
0.218438
0.218669
0.219
0.019732
0.0204921
0.0206571
0.221379
0.0219151
0.223099
0.0237054
0.22387
0.224071
0.0243175
0.0245095
0.224804
0.224987
0.175197
0.0253796
0.0257126
0.225959
0.226346
0.0265107
0.0267207
0.227243
0.227498
0.227726
0.227882
0.22811
0.228623
0.228896
0.229052
0.229226
0.229382
0.179805
0.180051
0.231677
0.232026
0.185389
0.188041
0.0386317
0.240861
0.194917
0.199198
0.107567
0.157795
0.208327
0.258501
0.209011
0.259203
0.209524
0.210691
0.211186
0.213916
0.214099
0.264264
0.214492
0.214969
0.215125
0.215308
0.215683
0.21625
0.21679
0.217093
0.217468
0.167615
0.218366
0.219035
0.219639
0.219786
0.2212
0.22141
0.226354
0.228277
0.179516
0.230962
0.181328
0.231811
0.234562
0.235369
0.188426
0.191015
0.0966101
0.0975521
0.248404
0.148833
0.218547
0.121549
0.221804
0.222005
0.22217
0.222335
0.222518
0.222782
0.222965
0.0232204
0.0234394
0.0237514
0.223934
0.224216
0.224462
0.0251455
0.225392
0.0256646
0.0258836
0.0260846
0.0263036
0.0265406
0.0268526
0.227054
0.0272727
0.0275547
0.227756
0.227993
0.228257
0.228662
0.228908
0.22976
0.230486
0.23087
0.181254
0.233663
0.234083
0.134989
0.23576
0.236513
0.239309
0.24008
0.192075
0.244817
0.0952285
0.195883
0.247005
0.247758
0.248124
0.250396
0.106877
0.208515
0.209388
0.213562
0.214297
0.215644
0.216046
0.217285
0.217651
0.0680084
0.220489
0.223006
0.223409
0.225017
0.175437
0.226028
0.227033
0.228056
0.229259
0.18012
0.230675
0.23105
0.231455
0.23162
0.232679
0.233036
0.233951
0.234317
0.236744
0.238046
0.190293
0.240776
0.241178
0.24158
0.241973
0.193069
0.193483
0.14363
0.244014
0.246234
0.196636
0.0989098
0.249333
0.0995969
0.0108746
0.261196
0.112151
0.114626
0.2148
0.215298
0.0156733
0.216839
0.0196426
0.0204408
0.0207228
0.0212448
0.0217759
0.0224029
0.0226849
0.0228679
0.0236089
0.223846
0.22411
0.224284
0.024494
0.225238
0.226558
0.228153
0.228537
0.229324
0.229882
0.230128
0.23032
0.230584
0.230896
0.231316
0.231817
0.233363
0.234098
0.235571
0.238196
0.238553
0.238964
0.189537
0.241487
0.24188
0.0422819
0.192684
0.243401
0.244154
0.294556
0.244949
0.245405
0.195753
0.246542
0.0971693
0.160326
0.160572
0.161022
0.211415
0.211652
0.212019
0.212193
0.212643
0.262862
0.213774
0.215055
0.26543
0.216327
0.218844
0.222936
0.224571
0.225369
0.225762
0.226785
0.2278
0.22822
0.228604
0.229897
0.230245
0.232528
0.233137
0.233539
0.234859
0.186485
0.236797
0.137172
0.238253
0.238427
0.238655
0.238937
0.239438
0.240452
0.19098
0.242138
0.0939535
0.112593
0.214424
0.264683
0.114697
0.265366
0.115531
0.0166116
0.21703
0.0178668
0.0183959
0.018954
0.019512
0.0198421
0.220235
0.0204721
0.0209401
0.0210961
0.221324
0.0215702
0.0222302
0.222512
0.223073
0.223412
0.0236314
0.223805
0.224087
0.22428
0.224544
0.226503
0.227877
0.230133
0.233361
0.235293
0.235974
0.236331
0.23757
0.237981
0.238581
0.188974
0.239341
0.240841
0.241567
0.29187
0.242804
0.243032
0.193296
0.0955968
0.196008
0.24644
0.0967909
0.196992
0.147184
0.100133
0.20842
0.15939
0.209672
0.210415
0.260928
0.212662
0.212809
0.213139
0.213367
0.213769
0.214438
0.264585
0.215068
0.218176
0.268947
0.219295
0.220021
0.222214
0.223408
0.225151
0.125869
0.226262
0.227366
0.227759
0.228206
0.228698
0.229118
0.279817
0.230192
0.231971
0.2324
0.233018
0.186372
0.237467
0.237878
0.238271
0.238655
0.189343
0.0895983
0.240387
0.0919324
0.144521
0.24541
0.0960906
0.296502
0.198083
0.198755
0.25003
0.311177
0.212172
0.112989
0.21331
0.214049
0.114397
0.214562
0.114718
0.215138
0.0161884
0.216554
0.217463
0.0183807
0.0189388
0.219287
0.219939
0.220221
0.221247
0.0223102
0.222785
0.323472
0.223883
0.0240844
0.224477
0.0250895
0.0252365
0.225474
0.0257286
0.226011
0.0262926
0.226458
0.276641
0.226896
0.0272557
0.227421
0.227604
0.0277868
0.228024
0.178243
0.02893
0.229335
0.229737
0.229902
0.180214
0.231003
0.231417
0.231672
0.233642
0.23597
0.236417
0.23771
0.188094
0.239936
0.191751
0.143539
0.194131
0.0985016
0.149804
0.206411
0.208113
0.208452
0.209258
0.209588
0.25999
0.210641
0.212186
0.212615
0.213173
0.214233
0.216156
0.216729
0.0171157
0.217308
0.217839
0.21825
0.218442
0.220626
0.221049
0.221214
0.22257
0.223323
0.224611
0.125034
0.225235
0.175391
0.22861
0.229516
0.229927
0.230248
0.180623
0.18513
0.186189
0.186996
0.0906017
0.241022
0.0923148
0.242807
0.0992119
0.210147
0.112044
0.114834
0.216482
0.216647
0.217116
0.0173354
0.217861
0.218203
0.218458
0.0188207
0.0189768
0.0196449
0.220122
0.021173
0.221548
0.22183
0.222112
0.222532
0.222916
0.0233003
0.0234743
0.0240513
0.224234
0.224654
0.224846
0.225357
0.0255855
0.0257685
0.226051
0.22642
0.176648
0.226867
0.227233
0.228122
0.17835
0.178878
0.22907
0.229298
0.230146
0.0309831
0.0311931
0.231604
0.231877
0.282141
0.18338
0.183746
0.185815
0.186289
0.187078
0.187462
0.23907
0.0902822
0.193816
0.246405
0.0969694
0.199216
0.199636
0.255897
0.256794
0.208009
0.212595
0.213876
0.214471
0.21532
0.215825
0.216119
0.216515
0.216707
0.217928
0.218312
0.218678
0.219459
0.219942
0.220353
0.220944
0.222165
0.223059
0.173506
0.223926
0.225112
0.175532
0.225934
0.22693
0.227269
0.231505
0.190007
0.140328
0.192314
0.243643
0.0955845
0.245897
0.19683
0.0972706
0.197454
0.0980717
0.0985097
0.111405
0.211717
0.212811
0.213428
0.216149
0.216296
0.216754
0.216959
0.0171423
0.0175744
0.0179884
0.219129
0.0196357
0.0199177
0.0204467
0.220648
0.221053
0.2212
0.0213559
0.0215389
0.0219409
0.222718
0.023138
0.223285
0.023468
0.223615
0.223993
0.224323
0.0244701
0.22489
0.225154
0.22564
0.225904
0.226123
0.226543
0.226855
0.227083
0.230284
0.230678
0.231512
0.182805
0.133954
0.184365
0.234812
0.235403
0.188935
0.241524
0.257317
0.207808
0.208854
0.209028
0.209548
0.209776
0.260289
0.211051
0.211333
0.213994
0.215116
0.216814
0.217372
0.217636
0.217948
0.218371
0.218617
0.218818
0.219841
0.220225
0.22069
0.221722
0.222575
0.223301
0.223631
0.224159
0.224534
0.225152
0.225545
0.226559
0.22706
0.228155
0.182337
0.233027
0.185895
0.186315
0.0878601
0.188694
0.189474
0.189888
0.190035
0.240653
0.292117
0.0934464
0.193857
0.0941694
0.1953
0.19681
0.0975355
0.198208
0.0985287
0.0990117
0.212108
0.112862
0.214086
0.0153266
0.265807
0.216657
0.216921
0.217131
0.017452
0.0180001
0.0181741
0.0194312
0.0195962
0.0201903
0.0210224
0.221397
0.0218835
0.222626
0.0228626
0.223121
0.22355
0.224081
0.0243267
0.0245457
0.224939
0.225582
0.225729
0.226437
0.227037
0.227457
0.178273
0.229302
0.234147
0.234648
0.235428
0.185803
0.236196
0.186562
0.188539
0.23895
0.190002
0.190432
0.190843
0.191236
0.191785
0.241995
0.192379
0.244221
0.248961
0.200047
0.259878
0.160425
0.210698
0.260872
0.211367
0.211532
0.162277
0.213091
0.213337
0.213592
0.213775
0.214463
0.214709
0.215129
0.215955
0.216174
0.216883
0.217249
0.217729
0.217984
0.218221
0.218467
0.21865
0.218806
0.218953
0.2191
0.219475
0.219967
0.220297
0.174083
0.224647
0.177758
0.229267
0.181271
0.18206
0.184541
0.234943
0.186543
0.0904636
0.192153
0.193482
0.194892
0.195279
0.195534
0.0973668
0.0977598
0.248828
0.212158
0.213613
0.114543
0.21478
0.0155571
0.217732
0.217987
0.0185495
0.0187865
0.0200226
0.0203346
0.220755
0.0212747
0.0220158
0.0223638
0.0225648
0.222802
0.222949
0.223213
0.0234769
0.223943
0.224144
0.024576
0.224741
0.225134
0.0253082
0.225464
0.125651
0.225665
0.225833
0.226265
0.22652
0.226703
0.226968
0.182662
0.233667
0.235473
0.186649
0.237051
0.192466
0.24294
0.205189
0.20539
0.159568
0.210645
0.211613
0.161823
0.21206
0.212444
0.213131
0.213636
0.213969
0.214372
0.21472
0.215698
0.217099
0.217513
0.217777
0.217987
0.218632
0.21925
0.219625
0.219982
0.222625
0.223001
0.224426
0.175377
0.225761
0.226217
0.229157
0.181962
0.232382
0.183369
0.235589
0.0904281
0.241253
0.241637
0.24329
0.243962
0.195003
0.0955583
0.0999654
0.216002
0.217515
0.117855
0.26802
0.218162
0.268536
0.219334
0.11949
0.119646
0.220204
0.220877
0.221042
0.0214084
0.0215645
0.0217835
0.22235
0.222561
0.0227165
0.223308
0.0237276
0.0239106
0.224076
0.224382
0.0245287
0.0250327
0.22518
0.225408
0.225766
0.225922
0.026315
0.02648
0.026822
0.177053
0.277068
0.227281
0.227437
0.227647
0.277866
0.228094
0.229
0.179411
0.229786
0.180278
0.231029
0.231239
0.23202
0.232647
0.233544
0.234078
0.184453
0.184654
0.234855
0.235626
0.239079
0.290237
0.241332
0.242175
0.0424571
0.04501
0.197581
0.198667
0.0990871
0.110737
0.211876
0.212158
0.212713
0.0139487
0.214621
0.215068
0.21547
0.215854
0.116364
0.216742
0.216916
0.217099
0.217615
0.218173
0.218374
0.218539
0.218695
0.218932
0.219298
0.219785
0.219932
0.220469
0.22112
0.221276
0.22145
0.222374
0.222803
0.224717
0.225047
0.227573
0.231485
0.181833
0.238778
0.243158
0.2468
0.199101
0.200007
0.112779
0.213121
0.115837
0.215852
0.216047
0.216563
0.217115
0.117301
0.217316
0.217685
0.217841
0.218613
0.219088
0.0200851
0.0202591
0.220478
0.0212773
0.2221
0.222546
0.0227834
0.223038
0.0232875
0.224266
0.224431
0.224605
0.27477
0.0250159
0.22534
0.225724
0.226233
0.226452
0.126666
0.22668
0.0269111
0.227139
0.227367
0.0277602
0.0281172
0.0283182
0.129075
0.229089
0.229659
0.179869
0.230115
0.230299
0.0305266
0.180947
0.0313486
0.231496
0.231916
0.232153
0.232318
0.183902
0.185528
0.135912
0.186962
0.238885
0.190133
0.246765
0.0970291
0.0974491
0.207879
0.208254
0.25862
0.208776
0.211428
0.211638
0.212013
0.212406
0.212562
0.213663
0.214764
0.215838
0.0659939
0.21624
0.216624
0.217413
0.21789
0.218055
0.219013
0.219295
0.219688
0.22207
0.172751
0.225628
0.226012
0.227774
0.22859
0.228947
0.230033
0.230417
0.186966
0.237395
0.189822
0.191448
0.198177
0.248939
0.249314
0.257281
0.107295
0.214158
0.114305
0.115363
0.215768
0.0176627
0.0182027
0.0185867
0.0187427
0.219286
0.119301
0.219586
0.219787
0.11997
0.02081
0.0210111
0.0212121
0.121431
0.221881
0.222037
0.0221933
0.0223493
0.222772
0.222919
0.223111
0.0237144
0.223906
0.0241434
0.224389
0.225102
0.0253026
0.225459
0.225771
0.226353
0.226701
0.227013
0.227982
0.229203
0.229614
0.230232
0.23112
0.182431
0.232953
0.2331
0.233511
0.186739
0.237168
0.237687
0.238044
0.238419
0.188794
0.23916
0.239554
0.191405
0.193499
0.195125
0.147768
0.208506
0.208716
0.109055
0.209578
0.109833
0.210844
0.212777
0.214139
0.216215
0.216932
0.219386
0.219809
0.219965
0.220376
0.222137
0.222809
0.22547
0.227141
0.227498
0.228971
0.229913
0.231935
0.232571
0.233981
0.234359
0.234752
0.235017
0.23568
0.236253
0.236862
0.237444
0.187846
0.188824
0.190783
0.0949469
0.0974009
0.199558
0.213466
0.014906
0.015053
0.117241
0.117941
0.118298
0.0184815
0.218953
0.268968
0.0194276
0.0199676
0.220178
0.0204897
0.0208287
0.0210208
0.271154
0.221813
0.222005
0.223052
0.023334
0.223553
0.224385
0.0247962
0.225327
0.225546
0.225738
0.226113
0.226434
0.226827
0.0276316
0.228385
0.228796
0.229255
0.229492
0.229747
0.230956
0.232861
0.233164
0.183542
0.133734
0.234109
0.185285
0.186389
0.236971
0.0430932
0.193303
0.244299
0.2457
0.0962374
0.198565
0.248977
0.199676
0.259074
0.259422
0.211219
0.261456
0.211888
0.213475
0.216431
0.216806
0.217595
0.217898
0.219749
0.220124
0.223586
0.174141
0.226154
0.226574
0.226913
0.177306
0.278293
0.22865
0.229853
0.230336
0.230702
0.231032
0.0820103
0.2327
0.233084
0.233495
0.23441
0.234861
0.185218
0.235401
0.235776
0.236187
0.237282
0.237837
0.239481
0.0902069
0.242778
0.194908
0.24639
0.29789
0.149435
0.199828
0.111633
0.214782
0.0159194
0.117049
0.117424
0.21758
0.218055
0.218211
0.0187418
0.0192948
0.0194509
0.0196339
0.0198079
0.0200719
0.0206419
0.271476
0.221641
0.171824
0.0219711
0.0224982
0.0231282
0.223815
0.0239623
0.224292
0.224703
0.225447
0.225858
0.228638
0.229031
0.231494
0.232112
0.232514
0.23405
0.234929
0.185304
0.235607
0.236261
0.237212
0.187758
0.038169
0.238841
0.2393
0.0894742
0.240101
0.191763
0.192372
0.142727
0.192741
0.242918
0.243423
0.243687
0.245241
0.195796
0.197008
0.247365
0.249477
0.104349
0.206253
0.209599
0.210908
0.212756
0.212975
0.213221
0.0634939
0.26588
0.216867
0.22104
0.271472
0.221691
0.272048
0.225699
0.226047
0.176467
0.176869
0.227262
0.227682
0.22816
0.228433
0.230626
0.231703
0.232465
0.232876
0.233575
0.236047
0.236386
0.186734
0.237175
0.237448
0.137742
0.239143
0.139509
0.240307
0.0911683
0.192092
0.193457
0.244354
0.246223
0.0966345
0.199602
0.212002
0.262642
0.213278
0.213879
0.114567
0.114856
0.214871
0.265039
0.215553
0.0163287
0.217308
0.217995
0.218142
0.0196911
0.0198561
0.220075
0.22048
0.0211492
0.221332
0.0219273
0.0220833
0.222617
0.223781
0.223982
0.224129
0.224598
0.225159
0.225351
0.225708
0.225864
0.0263408
0.0264878
0.0266888
0.0269528
0.1771
0.0272739
0.0276399
0.177895
0.228132
0.22938
0.232239
0.233496
0.233889
0.237081
0.240057
0.19045
0.0916083
0.192028
0.24234
0.0933184
0.195844
0.246238
0.14682
0.0979686
0.249001
0.249421
0.210101
0.211281
0.21184
0.211987
0.212773
0.2641
0.214502
0.214895
0.21662
0.217013
0.217433
0.217808
0.218249
0.218459
0.219626
0.22037
0.220934
0.22173
0.222012
0.222432
0.223293
0.173911
0.224691
0.225021
0.225684
0.226087
0.22855
0.229771
0.232432
0.233887
0.234397
0.138687
0.140403
0.190769
0.198425
0.198782
0.115212
0.216762
0.216921
0.267309
0.217323
0.117774
0.118039
0.218195
0.118396
0.218753
0.0190167
0.0192357
0.0197648
0.0201248
0.220604
0.221723
0.222089
0.122362
0.0228462
0.223011
0.0235812
0.0237283
0.224422
0.0250113
0.225239
0.225431
0.275623
0.0258694
0.0260164
0.226385
0.226632
0.0268776
0.227782
0.228464
0.228674
0.228902
0.229271
0.229454
0.229601
0.0297479
0.179913
0.18006
0.230342
0.231122
0.231605
0.232007
0.182562
0.234242
0.236453
0.186963
0.189237
0.189576
0.0921205
0.192562
0.242808
0.243687
0.194422
0.0962188
0.246778
0.247207
0.197591
0.148308
0.154665
0.207639
0.207786
0.208107
0.210707
0.211614
0.213606
0.463957
0.21414
0.26478
0.215108
0.215273
0.216044
0.216263
0.21641
0.216593
0.216776
0.217709
0.21824
0.268396
0.218711
0.219068
0.219242
0.221354
0.223296
0.223716
0.224118
0.135104
0.187909
0.138386
0.188737
0.188938
0.189103
0.0930058
0.0955138
0.0979859
0.198892
0.099861
0.0116018
0.0151644
0.0153654
0.0166715
0.217426
0.0183506
0.0186056
0.0192187
0.0195757
0.219882
0.120042
0.220056
0.270215
0.270362
0.270608
0.121019
0.221229
0.22143
0.222337
0.222493
0.222841
0.222997
0.223381
0.0242244
0.224554
0.0248184
0.225151
0.225326
0.225482
0.225647
0.226124
0.226529
0.226793
0.226949
0.227609
0.177933
0.228275
0.17829
0.028476
0.228854
0.229055
0.22965
0.229887
0.23023
0.180244
0.0306702
0.230929
0.180943
0.181129
0.231552
0.231834
0.182182
0.182464
0.132678
0.0326925
0.187382
0.189104
0.190802
0.194705
0.0454038
0.249271
0.24988
0.260389
0.211036
0.161579
0.21178
0.211945
0.21236
0.212819
0.213387
0.213615
0.213798
0.214746
0.21621
0.216483
0.216948
0.217998
0.218886
0.219594
0.220014
0.220911
0.223155
0.224556
0.228432
0.22878
0.23172
0.18232
0.233253
0.18443
0.185381
0.185765
0.188012
0.238387
0.193199
0.193529
0.245281
0.0965019
0.211425
0.0131727
0.214649
0.11485
0.215252
0.215615
0.11628
0.117057
0.0181843
0.0188534
0.0201206
0.0204776
0.0208436
0.221084
0.121099
0.221366
0.221561
0.0217257
0.0222838
0.222521
0.223487
0.0237148
0.0242389
0.224431
0.224623
0.225164
0.0253291
0.225566
0.225821
0.226223
0.0267993
0.226973
0.227219
0.22742
0.228972
0.229374
0.230541
0.231258
0.181807
0.181963
0.132311
0.233019
0.236049
0.236499
0.136821
0.237277
0.237643
0.237991
0.0392571
0.192179
0.193049
0.193415
0.194852
0.195362
0.197033
0.209532
0.211421
0.211586
0.162078
0.21538
0.216025
0.21874
0.269655
0.0702042
0.170414
0.221986
0.224044
0.175526
0.226954
0.227375
0.179919
0.231662
0.182082
0.18243
0.233372
0.0869148
0.187875
0.190941
0.0986149
0.19899
0.099653
0.205285
0.209773
0.210536
0.113801
0.0151416
0.0159398
0.0165139
0.0175139
0.217706
0.01788
0.018237
0.01842
0.218915
0.0193261
0.219683
0.0211663
0.221532
0.222072
0.222598
0.223194
0.223396
0.0236236
0.0243266
0.224705
0.0249416
0.225407
0.22568
0.225917
0.226373
0.176766
0.177474
0.227858
0.229619
0.180543
0.231782
0.23222
0.185043
0.185481
0.185913
0.186069
0.236465
0.236666
0.188517
0.239189
0.239639
0.239849
0.190006
0.141983
0.242394
0.193912
0.195097
0.145418
0.196549
0.205669
0.208499
0.209707
0.210239
0.213124
0.213682
0.214454
0.217294
0.217993
0.21898
0.219319
0.220513
0.221896
0.222298
0.2227
0.17303
0.226375
0.22675
0.228016
0.228355
0.22874
0.179124
0.179472
0.183744
0.236513
0.189228
0.189846
0.246008
0.0969499
0.214513
0.115302
0.266559
0.266888
0.217536
0.218174
0.119913
0.0202996
0.22045
0.270465
0.0207316
0.221927
0.0222747
0.0225567
0.0229587
0.0231777
0.223352
0.273494
0.223496
0.123508
0.0237568
0.0241498
0.0243689
0.224708
0.224882
0.225476
0.225677
0.025905
0.026169
0.226415
0.22667
0.226826
0.227
0.0272102
0.0274653
0.227675
0.227939
0.228789
0.228945
0.229303
0.230398
0.180701
0.231112
0.233359
0.23404
0.234361
0.384763
0.239509
0.0909999
0.241348
0.09337
0.193763
0.244561
0.246106
0.296445
0.196748
0.0971533
0.197318
0.248359
0.198779
0.106885
0.207032
0.307507
0.157663
0.209371
0.210416
0.212369
0.213162
0.21351
0.217395
0.168107
0.219013
0.221107
0.174767
0.22516
0.22549
0.22798
0.229399
0.230359
0.180759
0.230773
0.231421
0.233119
0.183504
0.134113
0.18735
0.23795
0.238496
0.0894827
0.240074
0.240494
0.24185
0.243197
0.243599
0.194406
0.244772
0.245129
0.246917
0.14731
0.248189
0.24869
0.26307
0.0137331
0.0149942
0.265324
0.265721
0.465723
0.115725
0.216123
0.166297
0.266899
0.217055
0.118154
0.269559
0.119902
0.219916
0.220165
0.12042
0.220639
0.0212072
0.221475
0.0221713
0.222573
0.222876
0.0232965
0.0234795
0.223744
0.0243176
0.224863
0.225451
0.225853
0.0261559
0.226348
0.226732
0.027515
0.228675
0.0292902
0.179674
0.23004
0.230214
0.230433
0.23088
0.231264
0.0321046
0.232471
0.232882
0.233545
0.233911
0.236449
0.236962
0.237584
0.237839
0.038076
0.238277
0.238625
0.240449
0.14077
0.241307
0.0919433
0.307827
0.208617
0.258836
0.210994
0.212626
0.212845
0.21427
0.214861
0.21592
0.216727
0.217489
0.217945
0.220165
0.221955
0.222412
0.225424
0.227374
0.227776
0.230338
0.230803
0.23143
0.232732
0.235006
0.235651
0.186836
0.137535
0.187955
0.238366
0.09163
0.242869
0.243685
0.243997
0.244417
0.194801
0.195194
0.197189
0.0980774
0.248911

