RTT
0.0145782
0.0167063
0.0190344
0.0194365
0.0215726
0.0220977
0.0240828
0.0242659
0.0248059
0.025217
0.025583
0.0276951
0.0279142
0.0281962
0.0283882
0.0286072
0.0288443
0.0336133
0.146598
0.149394
0.149688
0.153991
0.156217
0.15662
0.156848
0.157004
0.157223
0.158711
0.163055
0.169928
0.173237
0.173774
0.178019
0.180437
0.181856
0.083815
0.113114
0.0967348
0.0971908
0.172685
0.175652
0.176018
0.180209
0.183671
0.186116
0.0866437
0.188792
0.189527
0.0913598
0.147657
0.20475
0.205743
0.105935
0.206109
0.218049
0.174715
0.177808
0.184267
0.0857401
0.0905791
0.191647
0.193714
0.195862
0.247254
0.253993
0.204323
0.206563
0.206845
0.210724
0.114114
0.214507
0.265566
0.218218
0.171446
0.172353
0.173277
0.0848656
0.188121
0.240377
0.192507
0.194007
0.197091
0.205617
0.105818
0.106214
0.206607
0.256862
0.257036
0.162676
0.213879
0.17383
0.174367
0.22602
0.227052
0.228336
0.181393
0.185773
0.0875699
0.188212
0.23844
0.188641
0.0894571
0.0898771
0.241656
0.194164
0.195106
0.197047
0.19798
0.202202
0.355798
0.207511
0.208165
0.219844
0.172721
0.178136
0.188159
0.189605
0.0923202
0.192623
0.193025
0.195173
0.197483
0.198002
0.199853
0.203295
0.203959
0.155601
0.207018
0.208517
0.159175
0.159421
0.210025
0.169184
0.172916
0.181004
0.184655
0.0893324
0.192155
0.0954735
0.197595
0.197943
0.205046
0.210218
0.160971
0.211292
0.218003
0.171132
0.224441
0.178138
0.179305
0.186718
0.13793
0.0885656
0.0897057
0.195139
0.195523
0.195865
0.196241
0.196607
0.196772
0.197165
0.198629
0.099031
0.199343
0.204193
0.157142
0.16474
0.215079
0.167614
0.21852
0.172108
0.180403
0.183127
0.185878
0.0871893
0.187546
0.0902613
0.192571
0.192991
0.194086
0.19708
0.206851
0.208621
0.162497
0.166202
0.17555
0.176195
0.178028
0.130879
0.183837
0.189828
0.0924886
0.193845
0.194193
0.198339
0.204098
0.155632
0.206628
0.157966
0.16033
0.26075
0.212019
0.215436
0.166675
0.167203
0.176326
0.180184
0.181279
0.189826
0.0911374
0.0924034
0.192967
0.244737
0.196336
0.147765
0.206328
0.209538
0.210111
0.112862
0.170707
0.172064
0.222457
0.173057
0.17426
0.174923
0.176054
0.184178
0.0845797
0.185936
0.192395
0.0928238
0.799553
0.205448
0.211524
0.211962
0.214302
0.164956
0.21534
0.21693
0.167296
0.219696
0.170485
0.171445
0.171811
0.173482
0.174235
0.176428
0.130016
0.0826684
0.183322
0.190483
0.0924245
0.193916
0.155074
0.20658
0.159625
0.211575
0.215452
0.167339
0.167885
0.175739
0.179165
0.179612
0.183641
0.189155
0.140394
0.241372
0.192512
0.0929319
0.09571
0.196544
0.200359
0.206158
0.21103
0.167845
0.218238
0.11945
0.171103
0.171523
0.172681
0.175279
0.182152
0.184129
0.185962
0.0900724
0.0960274
0.196789
0.198704
0.204257
0.205264
0.206233
0.114405
0.214825
0.227701
0.0786615
0.179703
0.186099
0.186537
0.187875
0.191688
0.193665
0.0940848
0.0946038
0.195456
0.196353
0.198492
0.198912
0.155803
0.205959
0.207587
0.157908
0.209783
0.210203
0.213017
0.167991
0.920479
0.970493
0.170871
0.171291
0.172908
0.174768
0.177519
0.182871
0.184191
0.188922
0.0935724
0.194676
0.199362
0.205183
1.01209
1.06209
0.912107
0.113133
0.215353
0.170309
0.172565
0.173201
0.17453
0.17981
0.180212
0.18551
0.187883
0.0882939
0.188678
0.194021
0.194837
0.195194
0.097819
0.199499
0.105084
0.207772
0.162971
0.163373
0.168509
0.222339
0.172777
0.125024
0.181564
0.186142
0.188893
0.14096
0.192334
0.194599
0.105663
0.106266
0.106476
0.209155
0.210493
0.112641
0.163035
0.217307
0.218114
0.173475
0.174165
0.176214
0.181161
0.232076
0.190749
0.193743
0.194775
0.196392
0.248009
1.20637
0.206603
0.107878
0.108253
0.208592
0.212171
0.272203
0.177943
0.178273
0.228612
0.179338
0.179866
0.231375
0.192595
0.194554
0.204349
0.208753
0.209092
0.20944
0.214036
0.216292
0.216712
0.218779
0.171013
0.171397
0.22467
0.228996
0.179479
0.18025
0.184351
0.185644
0.188026
0.198607
0.205375
0.205549
0.20575
0.20848
0.21106
0.212542
0.213268
0.213724
0.167519
0.21811
0.118467
0.169913
0.222574
0.177715
0.180448
0.187789
0.0891721
0.191932
0.0922532
0.192898
0.198673
0.203623
0.204007
0.205
0.206332
0.206635
0.207973
0.208348
0.210766
0.213814
0.219175
0.219577
0.221834
0.140398
0.192627
0.19302
0.193674
0.194319
0.196269
0.197067
0.198792
0.104083
0.205277
0.20567
0.206817
0.207072
0.207345
0.208314
0.208719
0.208884
0.210231
0.210624
0.111467
0.163237
0.214071
0.216552
0.180304
0.1921
0.0933481
0.196468
0.197626
0.199288
0.199897
0.104206
0.204851
0.207336
0.207618
0.207819
0.208617
0.16009
0.212229
0.22209
0.222753
0.223875
0.174511
0.184724
0.186575
0.240649
0.0911406
0.191498
0.205943
0.206091
0.206292
0.206538
0.206913
0.207816
0.208299
0.10871
0.210381
0.211575
0.213606
0.214017
0.214338
0.16699
0.228336
0.188761
0.193393
0.0942811
0.199669
0.205191
0.205659
0.205815
0.206088
0.206607
0.210327
0.213096
0.214029
0.21606
0.216786
0.169213
0.225159
0.228351
0.183226
0.234583
0.186722
0.237457
0.139182
0.193445
0.193847
0.199307
0.205009
0.205264
0.155438
0.206359
0.108084
0.209134
0.209491
0.159875
0.210817
0.211579
0.214438
0.11601
0.166619
0.217039
0.168476
0.219229
0.225895
0.236049
0.191473
0.196168
0.197029
0.204914
0.205253
0.205646
0.20615
0.158838
0.21023
0.212072
0.212807
0.219689
0.22514
0.0766313
0.177357
0.17874
0.18186
0.0822804
0.232601
0.183453
0.234351
0.190171
0.193813
0.204183
0.204477
0.205026
0.155633
0.206338
0.207142
0.157616
0.208048
0.208468
0.208642
0.214777
0.218149
0.219145
0.170303
0.173567
0.174329
0.182138
0.184196
0.191482
0.196546
0.105676
0.15972
0.210113
0.211091
0.211412
0.211805
0.213449
0.11593
0.21644
0.218327
0.218774
0.220868
0.225212
0.181104
0.233873
0.19404
0.196665
0.197373
0.148585
0.199411
0.204673
0.204919
0.205696
0.206602
0.207287
0.20954
0.159924
0.211955
0.164319
0.165135
0.215537
0.218495
0.223973
0.224465
0.235055
0.192514
0.195571
0.197359
0.198391
0.103268
0.210117
0.210528
0.211506
0.211998
0.162427
0.163648
0.214284
0.217161
0.218121
0.219198
0.220393
0.174179
0.174608
0.225748
0.179129
0.129684
0.0852787
0.191108
0.191474
0.192686
0.198182
0.20531
0.205622
0.205787
0.207155
0.159897
0.211865
0.215948
0.167124
0.167544
0.218072
0.222794
0.223151
0.223886
0.175854
0.231908
0.132652
0.183981
0.18495
0.185532
0.189102
0.189486
0.191314
0.0939931
0.194683
0.195247
0.19726
0.154244
0.206431
0.20695
0.159305
0.163577
0.21973
0.121482
0.221902
0.172322
0.174362
0.177509
0.178127
0.234371
0.188256
0.192456
0.196503
0.197634
0.198675
0.215736
0.216756
0.117335
0.21781
0.168175
0.123213
0.174758
0.229191
0.237287
0.238404
0.188967
0.189186
0.093291
0.194323
0.19765
0.198169
0.203768
0.203942
0.205947
0.206229
0.157006
0.159067
0.209397
0.209889
0.21237
0.213969
0.215244
0.171541
0.224634
0.175675
0.127157
0.177803
0.234091
0.194582
0.197999
0.14872
0.199382
0.199619
0.105708
0.20693
0.20771
0.208167
0.208314
0.208974
0.209376
0.209751
0.210215
0.210599
0.0124843
0.0135055
0.0165545
0.0170675
0.0181736
0.0194416
0.176819
0.0269657
0.18032
0.180623
0.0840758
0.136692
0.187049
0.139328
0.140134
0.1914
0.143244
0.145975
0.146257
0.148216
0.203896
0.206138
0.156294
0.206522
0.206906
0.207098
0.207903
0.208419
0.208803
0.209163
0.209858
0.160392
0.162765
0.213401
0.213794
0.165114
0.167778
0.168837
0.169916
0.170986
0.172558
0.0882147
0.0912627
0.0938608
0.0945238
0.0952588
0.196275
0.197334
0.105924
0.107742
0.108255
0.109337
0.109694
0.209886
0.11042
0.210766
0.211912
0.112326
0.0129664
0.213131
0.113332
0.2136
0.215033
0.0152156
0.0158096
0.168945
0.120013
0.220415
0.121249
0.222362
0.0227367
0.0231298
0.0234418
0.225014
0.225419
0.225638
0.0260039
0.126388
0.17886
0.179802
0.180225
0.23103
0.231258
0.131579
0.231825
0.0322452
0.0348162
0.19636
0.197992
0.098817
0.204881
0.20567
0.207479
0.264784
0.217085
0.174156
0.224837
0.225824
0.276361
0.278383
0.230684
0.181419
0.233054
0.0863543
0.0885474
0.0898405
0.190206
0.240951
0.0912625
0.0925826
0.0944966
0.0953486
0.195958
0.249195
0.0995247
0.259561
0.209576
0.210825
0.111034
0.11119
0.0130792
0.0134452
0.0143302
0.114933
0.165365
0.265945
0.0161103
0.216512
0.0166864
0.0177544
0.16821
0.0194186
0.0200486
0.0206067
0.220973
0.121348
0.121903
0.172557
0.0238278
0.174038
0.0252048
0.22954
0.280131
0.185744
0.1362
0.088825
0.147012
0.197414
0.252047
0.203732
0.205269
0.205434
0.205755
0.206286
0.207039
0.207294
0.165073
0.266672
0.122708
0.223101
0.175879
0.227082
0.230355
0.182512
0.0840034
0.18598
0.0863195
0.189575
0.24031
0.0907296
0.0932106
0.0952686
0.195887
0.0975127
0.199922
0.107452
0.0088611
0.0101862
0.16144
0.212855
0.163092
0.313302
0.213458
0.0148576
0.115691
0.216321
0.0166777
0.0185278
0.218801
0.169773
0.0199829
0.0202649
0.021267
0.0223911
0.174629
0.175211
0.179191
0.0295303
0.129785
0.131204
0.281822
0.132611
0.0347774
0.285341
0.185762
0.18989
0.0925326
0.194528
0.196109
0.196604
0.196877
0.197243
0.205711
0.205894
0.206332
0.217636
0.218632
0.269502
0.172766
0.174689
0.176765
0.177833
0.179459
0.132633
0.0841871
0.184508
0.0881862
0.0893172
0.189692
0.190112
0.0912073
0.193967
0.0957464
0.0963464
0.196766
0.0986715
0.00749159
0.211131
0.211278
0.011653
0.012046
0.012385
0.0141371
0.0144011
0.114593
0.215004
0.21525
0.165514
0.0156793
0.119
0.0201783
0.172119
0.122602
0.0263344
0.178284
0.0892615
0.139672
0.140066
0.191494
0.194632
0.195082
0.195229
0.195604
0.198022
0.205614
0.206128
0.20641
0.206995
0.208117
0.208663
0.212161
0.21637
0.118707
0.171431
0.173759
0.182846
0.084085
0.085999
0.187733
0.0882701
0.0890502
0.0939702
0.194498
0.195593
0.198146
0.198827
0.0993014
0.205909
0.20786
0.258373
0.108592
0.00917975
0.00965681
0.00980382
0.210908
0.112588
0.113008
0.0132541
0.0135271
0.0137011
0.0139471
0.0142111
0.0172232
0.119902
0.121573
0.172065
0.0223682
0.0247772
0.125872
0.231062
0.182256
0.132991
0.137452
0.190311
0.194268
0.244652
0.195073
0.19705
0.197461
0.197836
0.205291
0.205821
0.206343
0.206766
0.206949
0.207423
0.207687
0.20787
0.209358
0.16417
0.167281
0.218565
0.170884
0.18421
0.0846029
0.0862559
0.089079
0.192217
0.192565
0.193633
0.197833
0.00704826
0.00782934
0.00911148
0.0093125
0.21133
0.211477
0.161741
0.16196
0.21229
0.0124548
0.0130128
0.0135709
0.215308
0.218776
0.0211041
0.125151
0.176885
0.17951
0.130551
0.0309562
0.13113
0.185186
0.18683
0.187241
0.18794
0.143202
0.0435684
0.196742
0.148008
0.148905
0.199838
0.205965
0.15814
0.20856
0.209259
0.160235
0.211744
0.212137
0.213583
0.219736
0.0791202
0.0830052
0.234874
0.236104
0.188315
0.0889243
0.194996
0.107573
0.208939
0.209122
0.109647
0.209662
0.0101627
0.0106417
0.0108338
0.0118998
0.0126529
0.0129169
0.113091
0.213337
0.263631
0.214231
0.015357
0.0157411
0.0185791
0.11989
0.0205621
0.123862
0.12664
0.0272312
0.0862822
0.0413373
0.148912
0.157736
0.158048
0.166766
0.167834
0.0893321
0.190148
0.0905502
0.0947052
0.14526
0.0956442
0.197315
0.0977083
0.198515
0.20734
0.109434
0.00983567
0.0104477
0.0107117
0.0110237
0.0113897
0.0116628
0.211927
0.0124038
0.212668
0.0131239
0.0162889
0.170462
0.122304
0.02303
0.126906
0.127569
0.185099
0.1874
0.188153
0.0886361
0.195329
0.197774
0.199625
0.204326
0.205214
0.206995
0.20716
0.158127
0.208778
0.210818
0.211175
0.212144
0.16314
0.215728
0.175355
0.225703
0.22849
0.128901
0.0837853
0.185249
0.187928
0.0887084
0.194411
0.0951015
0.0995895
0.108557
0.208572
0.208941
0.209796
0.110527
0.0109279
0.211084
0.211489
0.011771
0.0119181
0.212476
0.0127581
0.0129951
0.0132321
0.214093
0.0145402
0.114879
0.216382
0.0187013
0.0235583
0.327812
0.178914
0.129115
0.131533
0.234114
0.184741
0.0860786
0.136661
0.0376476
0.138491
0.139919
0.0926787
0.194377
0.0950038
0.195775
0.203799
0.204322
0.204559
0.20636
0.206708
0.207956
0.208322
0.210272
0.213437
0.163821
0.216482
0.220531
0.222886
0.2248
0.177344
0.0844512
0.18686
0.0916902
0.0928302
0.0931332
0.0937513
0.0965294
0.197417
0.108583
0.209069
0.210425
0.210632
0.511009
0.211023
0.111356
0.111593
0.212219
0.0125701
0.212961
0.112975
0.0134101
0.0136652
0.0138572
0.164071
0.214085
0.264802
0.0149672
0.0155912
0.0160933
0.166488
0.166857
0.21704
0.217187
0.167829
0.0222905
0.0226475
0.173464
0.224874
0.126482
0.131384
0.181795
0.186418
0.1397
0.141848
0.544104
0.0979347
0.204239
0.205489
0.105636
0.206227
0.206374
0.208321
0.208714
0.210394
0.21211
0.215554
0.218863
0.176036
0.08695
0.538558
0.190661
0.0916842
0.192095
0.0926322
0.194852
0.0972163
0.198563
0.0990733
0.199988
0.156888
0.160071
0.110458
0.111525
0.211903
0.012272
0.612446
0.212728
0.0134002
0.0136282
0.0137843
0.0140573
0.0142043
0.214414
0.0148523
0.165281
0.217699
0.0180834
0.0192864
0.219661
0.170378
0.22073
0.0208766
0.0212426
0.121852
0.123478
0.126787
0.0773147
0.632955
0.634662
0.0855857
0.585961
0.186795
0.637971
0.192297
0.54584
0.598573
0.149083
0.154393
0.204915
0.205308
0.205887
0.606863
0.208322
0.208532
0.209753
0.110128
0.210458
0.210806
0.212801
0.61326
0.613506
0.216131
0.216488
0.622181
0.625022
0.625397
0.228238
0.179117
0.186971
0.637535
0.0938323
0.0941713
0.0961754
0.196847
0.198158
0.199019
0.0999885
0.65763
0.108239
0.658563
0.208578
0.11038
0.661131
0.661606
0.212851
0.213311
0.21353
0.0138963
0.0142364
0.0151134
0.215377
0.665569
0.0162205
0.0164935
0.0171895
0.117454
0.117619
0.117865
0.718021
0.218249
0.0185307
0.671612
0.222005
0.222206
0.173239
0.173767
0.674214
0.228333
0.030364
0.680739
0.0330221
0.184684
0.235266
0.185947
0.639454
0.690693
0.142004
0.143891
0.194293
0.144695
0.195682
0.647191
0.197701
0.205979
0.206371
0.656519
0.706702
0.206975
0.209006
0.210146
0.210647
0.216215
0.169974
0.220385
0.17247
0.681097
0.231661
0.0847541
0.0859841
0.24112
0.0940152
0.194426
0.147609
0.105225
0.00811654
0.209976
0.109991
0.111069
0.111381
0.111537
0.0123049
0.212506
0.013202
0.013659
0.213806
0.213953
0.214502
0.0147211
0.0149221
0.215195
0.0162092
0.216401
0.216794
0.0172233
0.16827
0.220436
0.123349
0.0237244
0.224621
0.126805
0.0279905
0.129589
0.180505
0.185488
0.189337
0.192016
0.19411
0.196546
0.203682
0.203865
0.204213
0.105606
0.157104
0.210323
0.210923
0.211901
0.216578
0.217277
0.217607
0.121177
0.224234
0.227998
0.178859
0.183743
0.184253
0.186194
0.1871
0.0881682
0.188534
0.188873
0.192326
0.24271
0.0946423
0.0954943
0.206537
0.207482
0.108606
0.0088606
0.00903462
0.0110018
0.0127788
0.0129708
0.0137569
0.113994
0.014378
0.117261
0.117807
0.220207
0.171149
0.0231712
0.0281812
0.129051
0.131064
0.235102
0.0881953
0.139614
0.0924373
0.193325
0.19451
0.145623
0.198122
0.0500095
0.20428
0.25477
0.215018
0.215573
0.217604
0.219392
0.171936
0.273472
0.224036
0.227588
0.228341
0.23245
0.283761
0.234721
0.0859332
0.236632
0.0896983
0.0912793
0.242023
0.0924074
0.242935
0.243355
0.0955215
0.208484
0.158871
0.00951969
0.11037
0.0105619
0.0111199
0.011798
0.211945
0.212462
0.0128191
0.113101
0.213368
0.0137862
0.0147432
0.0151517
0.115166
0.115571
0.0166223
0.0170543
0.217264
0.0183143
0.218734
0.0221514
0.126441
0.228562
0.235057
0.238124
0.239669
0.240107
0.193974
0.197382
0.247802
0.148762
0.199203
0.149377
0.204898
0.155045
0.20683
0.208918
0.212011
0.213349
0.213763
0.114
0.217318
0.220078
0.224224
0.226156
0.179627
0.086083
0.287871
0.0883991
0.0913391
0.24247
0.0955271
0.19604
0.196232
0.0966522
0.199061
0.0999403
0.00867264
0.00881966
0.00996376
0.0114178
0.0127289
0.0129389
0.213305
0.264098
0.11438
0.26454
0.214959
0.0155022
0.216657
0.219552
0.22188
0.0222284
0.323512
0.0759304
0.226413
0.127238
0.178549
0.18347
0.135033
0.0865956
0.189815
0.24091
0.241312
0.0417227
0.292071
0.142482
0.14436
0.197408
0.205918
0.258045
0.158942
0.213439
0.214066
0.215107
0.215554
0.218179
0.224035
0.224905
0.22627
0.23146
0.233911
0.185519
0.189431
0.0903822
0.0907662
0.194426
0.245764
0.0961573
0.0968653
0.0109317
0.0111147
0.111499
0.112173
0.112521
0.212686
0.163157
0.263159
0.013881
0.114163
0.014445
0.014709
0.214964
0.0151651
0.265633
0.0159452
0.0172442
0.217826
0.218804
0.221384
0.223433
0.225365
0.226001
0.227762
0.178282
0.0286476
0.185458
0.187714
0.289826
0.190183
0.140864
0.19312
0.193729
0.194104
0.194497
0.195016
0.196336
0.147584
0.19984
0.202908
0.154345
0.205195
0.205586
0.206366
0.206567
0.206714
0.179904
0.0856612
0.087256
0.0879641
0.0889061
0.0914681
0.0918702
0.19247
0.0965893
0.198413
0.198806
0.20772
0.208456
0.210523
0.210718
0.0112879
0.0114709
0.011726
0.112248
0.212413
0.01265
0.01286
0.0136731
0.0138561
0.0160011
0.0184281
0.219964
0.120951
0.221326
0.223726
0.129627
0.131514
0.18404
0.185963
0.186896
0.239027
0.0896625
0.190074
0.19296
0.193641
0.194277
0.194877
0.195909
0.196536
0.247001
0.197907
0.198696
0.204031
0.154571
0.205057
0.205469
0.205625
0.157593
0.208679
0.264562
0.214955
0.216077
0.272302
0.175431
0.178497
0.132013
0.233216
0.089476
0.0919301
0.0924851
0.0943721
0.0947472
0.0951582
0.199538
0.204185
0.20982
0.210084
0.210408
0.11081
0.21124
0.211387
0.01269
0.212837
0.012993
0.213563
0.0139201
0.0143822
0.214592
0.0149222
0.0158252
0.0172053
0.0175383
0.217958
0.218168
0.124618
0.0252364
0.0784464
0.181287
0.181653
0.182569
0.184627
0.187162
0.0876027
0.0378667
0.0382867
0.196375
0.197101
0.14888
0.199579
0.200188
0.204469
0.204817
0.155045
0.158885
0.160466
0.164954
0.215338
0.218224
0.218635
0.169568
0.222211
0.223747
0.224131
0.177152
0.133224
0.184409
0.0861163
0.237301
0.0877033
0.0893294
0.091462
0.092233
0.0937241
0.197924
0.207406
0.00833046
0.00859447
0.0102487
0.21045
0.0111367
0.0112837
0.211918
0.21226
0.0124248
0.0129078
0.0154879
0.215971
0.216382
0.217504
0.017933
0.122304
0.227548
0.128922
0.17927
0.230113
0.130515
0.0369111
0.187682
0.188822
0.141366
0.191795
0.19217
0.19271
0.192857
0.24703
0.204037
0.205019
0.205539
0.206142
0.206682
0.207721
0.209725
0.161882
0.166892
0.220912
0.222799
0.0819127
0.0862477
0.0867128
0.0887888
0.0891189
0.0898269
0.190544
0.240964
0.091366
0.193514
0.193733
0.193988
0.195101
0.197339
0.199442
0.20898
0.0108006
0.0113316
0.211737
0.0119647
0.0121927
0.0128798
0.213357
0.0135489
0.213897
0.0140619
0.014464
0.114701
0.215337
0.021883
0.172312
0.173317
0.174385
0.175408
0.17626
0.0776883
0.178711
0.17923
0.179659
0.181402
0.132588
0.13443
0.187046
0.189086
0.141261
0.192032
0.192848
0.194384
0.144696
0.145008
0.0967148
0.197135
0.1985
0.20808
0.217257
0.174535
0.174937
0.226779
0.180565
0.181858
0.0831689
0.0837269
0.233946
0.084321
0.185668
0.0866011
0.188317
0.28907
0.0894541
0.0938252
0.197036
0.20862
0.00878823
0.109848
0.0111435
0.0115185
0.0117735
0.0120106
0.0122836
0.0125956
0.162752
0.112899
0.11331
0.214198
0.165284
0.165521
0.0160038
0.216388
0.168338
0.219676
0.12258
0.123972
0.0259399
0.226864
0.178931
0.179765
0.180329
0.130956
0.0313941
0.131724
0.182144
0.0325102
0.184451
0.0848622
0.185327
0.188222
0.0893353
0.189719
0.0906524
0.143304
0.198287
0.255274
0.206051
0.167814
0.226181
0.176871
0.0801804
0.23411
0.184701
0.235113
0.0898886
0.0920906
0.0949676
0.0953517
0.0956997
0.196192
0.0966118
0.199409
0.207637
0.208163
0.258177
0.0106024
0.0107494
0.0109684
0.0113615
0.0119285
0.0122105
0.0127206
0.0136416
0.214599
0.0165127
0.0169327
0.217263
0.118682
0.221433
0.0222849
0.225729
0.178084
0.17872
0.22923
0.183394
0.183778
0.186853
0.0881912
0.138611
0.188923
0.19045
0.192787
0.194566
0.14711
0.203337
0.20872
0.1604
0.211738
0.162725
0.213073
0.264016
0.222545
0.231011
0.18351
0.0854957
0.237608
0.238046
0.139447
0.0906767
0.0929597
0.0933078
0.193809
0.194976
0.09536
0.196383
0.196749
0.209037
0.10943
0.209926
0.0103765
0.0115126
0.0116596
0.0120167
0.0122357
0.0128777
0.0131417
0.2137
0.0150168
0.0154368
0.119277
0.170336
0.171287
0.0216529
0.171968
0.122187
0.223543
0.027806
0.178721
0.233443
0.184745
0.185138
0.137232
0.137715
0.139143
0.140796
0.195806
0.246172
0.196685
0.196859
0.197378
0.198194
0.199244
0.199962
0.205547
0.255721
0.25628
0.207261
0.21372
0.166651
0.169573
0.183124
0.185371
0.0909928
0.0921328
0.192598
0.093193
0.24355
0.0955091
0.196424
0.19688
0.0972822
0.199322
0.155852
0.206753
0.00988158
0.0103016
0.0114538
0.0118108
0.0126528
0.0130548
0.213274
0.213529
0.0142009
0.21442
0.164594
0.221566
0.172832
0.123576
0.124464
0.176216
0.177554
0.279225
0.180093
0.180357
0.132109
0.132529
0.187026
0.0888593
0.191079
0.192939
0.193611
0.193977
0.19437
0.146357
0.205189
0.205426
0.205708
0.157659
0.109654
0.214286
0.215993
0.166395
0.219884
0.220916
0.180894
0.0814399
0.086855
0.190776
0.091142
0.0915441
0.0923872
0.0934372
0.193803
0.0941963
0.0955793
0.0993293
0.0997403
0.205831
0.208113
0.208306
0.210563
0.211365
0.212125
0.21229
0.212437
0.11271
0.012947
0.013424
0.013757
0.214134
0.0146502
0.0154032
0.0156852
0.0159492
0.0169272
0.217119
0.0189763
0.121241
0.173848
0.180253
0.132068
0.132362
0.133547
0.184822
0.136223
0.190271
0.142165
0.0923745
0.0927136
0.19326
0.19368
0.197997
0.199704
0.205151
0.205388
0.205661
0.205808
0.208844
0.15921
0.214229
0.215882
0.116284
0.216686
0.219248
0.170892
0.171366
0.221921
0.173223
0.177207
0.18642
0.0899091
0.0936052
0.0940793
0.0944813
0.0950814
0.195969
0.0968574
0.198807
0.0104833
0.0106573
0.0115944
0.0119624
0.0123944
0.0127544
0.0133104
0.213475
0.113814
0.113989
0.214244
0.214418
0.214766
0.0222447
0.126688
0.128575
0.184368
0.136111
0.136747
0.187284
0.138685
0.0897709
0.191604
0.145084
0.196485
0.148543
0.198882
0.199284
0.203501
0.204543
0.206243
0.156738
0.207926
0.210821
0.212816
0.217898
0.220991
0.222869
0.22706
0.128425
0.180393
0.0848634
0.0904855
0.190905
0.0925045
0.0929066
0.19357
0.0938906
0.0942206
0.0946856
0.198436
0.107823
0.16044
0.0120161
0.0124461
0.212728
0.112893
0.213103
0.163326
0.21334
0.213589
0.0139463
0.0141474
0.114348
0.214522
0.0154735
0.215849
0.216422
0.167292
0.0192556
0.0199457
0.0201917
0.120438
0.120987
0.121224
0.174011
0.124422
0.125814
0.126171
0.13047
0.282024
0.139572
0.0908289
0.192086
0.192965
0.196085
0.204436
0.205146
0.205302
0.206109
0.206292
0.159178
0.209589
0.210102
0.210285
0.211407
0.213717
0.115694
0.16813
0.0867394
0.187348
0.0904685
0.244633
0.0968976
0.0972816
0.210118
0.110829
0.210979
0.112637
0.112892
0.213165
0.11354
0.163951
0.114233
0.0147884
0.0152204
0.0154664
0.215877
0.0160605
0.0164085
0.0166455
0.116928
0.217156
0.0174196
0.167612
0.0177711
0.117786
0.118011
0.0180256
0.219016
0.169445
0.0204228
0.125298
0.226213
0.127623
0.0282139
0.18209
0.186182
0.137106
0.141225
0.192059
0.192407
0.196706
0.149502
0.153835
0.204667
0.206077
0.206956
0.107814
0.20953
0.212542
0.212971
0.217513
0.217897
0.218713
0.219628
0.170732
0.127875
0.187484
0.0953114
0.0994304
0.10767
0.108056
0.208903
0.210199
0.012063
0.162612
0.112813
0.113
0.213014
0.0139152
0.0141432
0.0143892
0.014946
0.0157551
0.0161641
0.0169031
0.0173591
0.218856
0.0192583
0.0205123
0.220878
0.121265
0.221412
0.124802
0.225789
0.126173
0.227052
0.181631
0.183212
0.133542
0.135276
0.188036
0.139563
0.191981
0.193331
0.193523
0.0998828
0.204462
0.206497
0.208384
0.208795
0.209656
0.211021
0.111432
0.212203
0.162587
0.217921
0.218341
0.221047
0.227722
0.087574
0.095446
0.19718
0.00765495
0.208139
0.208974
0.109139
0.109659
0.209846
0.210871
0.111265
0.211276
0.0117085
0.0119185
0.0121375
0.112348
0.0124945
0.0127406
0.162951
0.0133526
0.0135446
0.114601
0.0168027
0.217577
0.217733
0.219107
0.2195
0.0209822
0.0232112
0.177249
0.22766
0.129286
0.185151
0.135508
0.0869003
0.239669
0.142141
0.143812
0.144718
0.198774
0.201079
0.204173
0.205062
0.20647
0.106782
0.156956
0.207929
0.210236
0.211376
0.21446
0.215708
0.217613
0.220274
0.171657
0.223652
0.227871
0.178063
0.229347
0.181576
0.193282
0.0936484
0.0948784
0.0962074
0.109982
0.111927
0.211941
0.112346
0.212529
0.212802
0.0133242
0.0135162
0.0140652
0.0143292
0.0144762
0.114708
0.214722
0.0150913
0.0153013
0.0159493
0.216702
0.0170504
0.0174074
0.120838
0.221564
0.122407
0.124159
0.225641
0.0263581
0.187164
0.138592
0.239057
0.191898
0.194523
0.194943
0.150169
0.205004
0.205169
0.205811
0.2075
0.211367
0.212534
0.214169
0.215553
0.216114
0.216342
0.216552
0.169807
0.221046
0.171857
0.222286
0.228142
0.181721
0.187244
0.0907869
0.195752
0.197135
0.149283
0.099676
0.0091982
0.00960925
0.211562
0.111938
0.112157
0.112478
0.0128888
0.0130718
0.0132818
0.213501
0.213666
0.214062
0.164263
0.015172
0.015328
0.0157121
0.215877
0.218097
0.0184721
0.169612
0.120023
0.121739
0.122587
0.17277
0.223541
0.129523
0.182697
0.0858804
0.187875
0.188277
0.139202
0.190936
0.0967196
0.147329
0.200989
0.204613
0.204907
0.20518
0.205519
0.206182
0.15912
0.209495
0.21185
0.212432
0.112807
0.214019
0.215555
0.182661
0.0830808
0.186165
0.186765
0.0917659
0.192177
0.094667
0.195042
0.098072
0.207267
0.257281
0.109834
0.11024
0.210254
0.210818
0.0117456
0.111992
0.0121837
0.0123397
0.0124957
0.0128887
0.0130357
0.213291
0.0143078
0.214872
0.217038
0.120698
0.22137
0.121799
0.12293
0.224079
0.124783
0.175581
0.133813
0.135214
0.139234
0.19194
0.192306
0.194166
0.194613
0.19983
0.200133
0.20484
0.205453
0.205828
0.206011
0.206203
0.206486
0.20885
0.212402
0.21311
0.216977
0.167379
0.175377
0.180216
0.0908598
0.0930079
0.0939589
0.095369
0.09569
0.147685
0.0986811
0.199083
0.200043
0.159305
0.209837
0.109838
0.159852
0.210264
0.210456
0.111135
0.21115
0.161399
0.21208
0.212353
0.212566
0.0135121
0.165192
0.0156457
0.11566
0.0161852
0.0164132
0.0166503
0.0175903
0.167938
0.0181969
0.118211
0.0186434
0.0190815
0.21942
0.119568
0.119823
0.0202066
0.170747
0.123726
0.125101
0.125476
0.027093
0.180087
0.181983
0.136804
0.0923721
0.150046
0.204615
0.205754
0.20727
0.207507
0.207864
0.208623
0.210537
0.162073
0.212439
0.214552
0.228103
0.233104
0.188465
0.0913327
0.0940837
0.0944047
0.0947888
0.197693
0.19931
0.20486
0.205471
0.209024
0.109197
0.159647
0.209968
0.0102803
0.0104543
0.0113274
0.211474
0.161876
0.0120774
0.0135056
0.0137516
0.114082
0.0143457
0.0158547
0.217607
0.221519
0.124351
0.124906
0.0271798
0.128581
0.130897
0.231758
0.142429
0.192741
0.196788
0.198792
0.206306
0.206853
0.207192
0.207474
0.207738
0.208002
0.208515
0.20868
0.210315
0.211878
0.213378
0.163789
0.167566
0.217969
0.171305
0.224335
0.227761
0.0836347
0.0898867
0.0922238
0.0926438
0.0941168
0.0948068
0.19538
0.0967719
0.100355
0.208027
0.209782
0.0105833
0.0110033
0.211582
0.211792
0.0122124
0.213091
0.213347
0.0140606
0.0142346
0.214517
0.0150216
0.0157176
0.166807
0.216972
0.0173557
0.0176108
0.0178568
0.218709
0.119093
0.121205
0.122381
0.175039
0.125432
0.226266
0.178369
0.13318
0.134005
0.187575
0.188706
0.0900081
0.141094
0.193242
0.193626
0.147511
0.198552
0.1998
0.204491
0.205592
0.206291
0.206483
0.206702
0.206849
0.207681
0.208083
0.208747
0.111573
0.212668
0.179225
0.1814
0.234133
0.0844808
0.0865748
0.0871749
0.0901509
0.090994
0.091846
0.192347
0.192695
0.0930341
0.198242
0.0991752
0.199712
0.152043
0.207997
0.208889
0.159209
0.209628
0.109865
0.0121767
0.0126057
0.0127528
0.162981
0.0132628
0.1135
0.0137819
0.0141029
0.0144689
0.164808
0.0149819
0.165192
0.166287
0.017049
0.169008
0.2195
0.019911
0.122968
0.175701
0.177552
0.128611
0.181128
0.185742
0.186162
0.138652
0.190566
0.192138
0.192603
0.143023
0.203334
0.205041
0.208741
0.169862
0.174989
0.183671
0.287988
0.0899834
0.0911414
0.0916514
0.0920175
0.192879
0.193218
0.0935746
0.0941477
0.0945587
0.195204
0.195636
0.0958188
0.198147
0.198513
0.157912
0.209367
0.0104392
0.0107122
0.0114093
0.213087
0.0132794
0.0137085
0.213865
0.0142665
0.0154396
0.0159617
0.166376
0.166523
0.118824
0.169865
0.120195
0.120759
0.171395
0.0220759
0.0229189
0.0234319
0.173678
0.174143
0.125427
0.125838
0.18065
0.031709
0.18257
0.182999
0.136873
0.189426
0.191475
0.193605
0.194394
0.195714
0.196458
0.198093
0.206678
0.207986
0.160719
0.214028
0.0798384
0.0839755
0.190506
0.192475
0.19384
0.0974996
0.0978657
0.199582
0.209836
0.210352
0.210616
0.211093
0.212051
0.212279
0.112444
0.0129483
0.0134975
0.0138995
0.0140825
0.0142565
0.0145955
0.0147425
0.0151386
0.165856
0.218796
0.0206466
0.0210396
0.173026
0.12719
0.177745
0.178183
0.179377
0.17977
0.182854
0.187513
0.189033
0.190155
0.191043
0.191409
0.191892
0.195237
0.197601
0.149281
0.203747
0.204451
0.204643
0.204862
0.209173
0.160889
0.167879
0.173888
0.174326
0.180902
0.186114
0.0866153
0.0869903
0.0919284
0.0934464
0.0948114
0.198669
0.106199
0.206528
0.207219
0.00936471
0.210444
0.0112869
0.211698
0.161881
0.212385
0.013549
0.0137501
0.115011
0.0153952
0.215587
0.165989
0.0164004
0.0168054
0.0169704
0.167282
0.167474
0.167912
0.218782
0.174816
0.0295286
0.180876
0.0315747
0.0319407
0.183522
0.185328
0.137935
0.188598
0.188991
0.139387
0.189624
0.144256
0.194571
0.194772
0.195102
0.24572
0.196464
0.203347
0.20386
0.20419
0.261379
0.164229
0.265513
0.218759
0.174597
0.175152
0.181647
0.0841193
0.0848184
0.185229
0.0858655
0.0874825
0.190899
0.192138
0.192955
0.193303
0.0938486
0.194971
0.195742
0.196243
0.146672
0.198433
0.0993658
0.00503751
0.00857301
0.00946908
0.160267
0.11054
0.210732
0.211401
0.0116204
0.0123464
0.0127214
0.0132254
0.213604
0.113618
0.0138675
0.0158805
0.166256
0.0166576
0.118932
0.169352
0.174425
0.126726
0.127488
0.0778177
0.178202
0.0315108
0.185846
0.189965
0.192572
0.19392
0.197958
0.198363
0.0985641
0.148975
0.201834
0.203939
0.204677
0.155007
0.205693
0.205975
0.207847
0.159371
0.210925
0.164369
0.218416
0.173021
0.17391
0.17613
0.181941
0.183297
0.188127
0.0895457
0.0915408
0.194796
0.0966289
0.0989479
0.0999439
0.00890514
0.209965
0.210442
0.0131175
0.0133455
0.0138326
0.164025
0.0141806
0.0143546
0.114637
0.0158697
0.0176307
0.169815
0.173979
0.176766
0.0271408
0.0276538
0.177927
0.132604
0.234086
0.186648
0.091001
0.191394
0.141778
0.145321
0.19749
0.205465
0.207988
0.209861
0.210272
0.160776
0.211013
0.214673
0.165066
0.170715
0.225302
0.227036
0.0795893
0.131575
0.0819234
0.0837114
0.0877134
0.0904015
0.240821
0.194257
0.196225
0.199516
0.208155
0.208311
0.208458
0.20968
0.109836
0.0101931
0.0110902
0.0113182
0.0117502
0.0119332
0.212326
0.262599
0.0128453
0.0130463
0.21322
0.215059
0.0172884
0.118351
0.218606
0.218798
0.0190355
0.173992
0.175051
0.0294036
0.180218
0.130365
0.0825576
0.133977
0.0347927
0.186032
0.187613
0.0879519
0.201891
0.205325
0.205499
0.155901
0.206213
0.159285
0.261469
0.16503
0.11539
0.215654
0.168999
0.22013
0.221828
0.173319
0.224225
0.227417
0.229592
0.181299
0.0899185
0.0903025
0.191146
0.0924656
0.0932636
0.0967166
0.199126
0.207492
0.00860593
0.00894495
0.0108931
0.0122432
0.0127383
0.0129753
0.213944
0.114328
0.0146583
0.114904
0.265159
0.215589
0.216145
0.0165735
0.0167745
0.0169395
0.0174885
0.272412
0.222814
0.0246106
0.225724
0.130338
0.285672
0.189602
0.240094
0.192395
0.142842
0.146862
0.199649
0.204056
0.206224
0.156371
0.209917
0.214765
0.222223
0.272562
0.222892
0.223294
0.227125
0.17921
0.182132
0.184622
0.236419
0.236794
0.0874663
0.237988
0.0883544
0.288537
0.188948
0.242203
0.0932805
0.0939885
0.19638
0.149419
0.0998296
0.00697264
0.0085898
0.258872
0.209064
0.159586
0.211682
0.0118742
0.0123992
0.0127652
0.212957
0.0132122
0.113632
0.0140288
0.114043
0.214256
0.0153964
0.0157535
0.0171156
0.120011
0.120773
0.272795
0.224934
0.125813
0.226746
0.0781468
0.187954
0.241722
0.193303
0.24528
0.198193
0.20502
0.206067
0.257862
0.208072
0.208519
0.113106
0.220348
0.170858
0.225958
0.233389
0.185303
0.0865781
0.0870252
0.0873372
0.241699
0.0939283
0.0950503
0.19592
0.197141
0.0975254
0.00980171
0.0105148
0.260935
0.161267
0.111427
0.211441
0.211804
0.211978
0.112179
0.11233
0.0123441
0.112557
0.162959
0.0131422
0.0132892
0.0136853
0.0138503
0.214198
0.164354
0.114501
0.214849
0.265251
0.21604
0.216371
0.216953
0.168696
0.0200937
0.120514
0.175236
0.175647
0.228299
0.178827
0.129211
0.229631
0.0301619
0.180345
0.281503
0.131797
0.083711
0.187317
0.287719
0.288085
0.0922582
0.193425
0.193827
0.29512
0.296035
0.196941
0.154723
0.206069
0.210431
0.160833
0.165744
0.216704
0.169248
0.225113
0.178414
0.230652
0.234438
0.0863066
0.194035
0.0976676
0.108173
0.208855
0.159041
0.209045
0.109047
0.109218
0.209233
0.109725
0.109881
0.110641
0.210975
0.011607
0.0126152
0.0130832
0.113449
0.213659
0.0140253
0.0142803
0.114746
0.0150013
0.115394
0.0160124
0.216733
0.168179
0.0194876
0.0202766
0.121453
0.0231236
0.173571
0.175143
0.126301
0.177135
0.129319
0.1809
0.182211
0.183585
0.134158
0.185235
0.187842
0.038208
0.191589
0.193845
0.205066
0.205222
0.205591
0.156462
0.208264
0.211933
0.115017
0.176822
0.231292
0.185249
0.0897552
0.0920563
0.0943933
0.0949844
0.0953594
0.198002
0.108221
0.108362
0.00919578
0.00980881
0.0109459
0.0111019
0.0113119
0.211927
0.2122
0.012428
0.012692
0.213661
0.118716
0.11955
0.172769
0.173405
0.224374
0.176036
0.226915
0.177461
0.228286
0.183674
0.184535
0.234902
0.0907666
0.141286
0.0918406
0.142612
0.195192
0.198942
0.204298
0.205266
0.205632
0.206761
0.208112
0.158322
0.208742
0.209234
0.210792
0.212175
0.174718
0.225525
0.0846211
0.239496
0.0951182
0.0964922
0.149603
0.208219
0.108668
0.108815
0.209323
0.109338
0.209976
0.110483
0.110666
0.0111988
0.112073
0.212433
0.112706
0.012862
0.013264
0.21394
0.0142131
0.114346
0.21436
0.114867
0.0151312
0.0156422
0.0161622
0.166336
0.21663
0.0169123
0.217224
0.217497
0.217872
0.0190665
0.21945
0.11987
0.0205605
0.171737
0.175253
0.126987
0.177452
0.128664
0.180956
0.233419
0.184721
0.0851408
0.13917
0.139599
0.19316
0.145461
0.201461
0.203154
0.204348
0.204882
0.205056
0.206847
0.213255
0.215871
0.172582
0.225576
0.23037
0.0829772
0.0838833
0.0867243
0.140168
0.0930814
0.0938614
0.0956945
0.197896
0.207222
0.108023
0.158038
0.208729
0.159661
0.110606
0.0107979
0.0111459
0.211474
0.011707
0.01222
0.213027
0.0134561
0.213804
0.214215
0.164389
0.0148452
0.0156763
0.0159223
0.0174313
0.168683
0.419016
0.219226
0.170996
0.222523
0.222997
0.123588
0.176087
0.128497
0.129034
0.181686
0.136507
0.14221
0.192927
0.195084
0.145567
0.195861
0.19737
0.198834
0.0994159
0.199809
0.200314
0.203671
0.204173
0.205602
0.207729
0.115907
0.174013
0.0853051
0.0857161
0.0861212
0.0864032
0.0896852
0.191914
0.0942153
0.0954903
0.0966303
0.148157
0.198553
0.0987454
0.15499
0.157084
0.00898091
0.00980696
0.010191
0.010611
0.21243
0.0127962
0.0136362
0.213819
0.0141493
0.215067
0.0177373
0.218778
0.119225
0.0195824
0.219966
0.223626
0.225018
0.0268965
0.127245
0.129483
0.129939
0.23035
0.183299
0.183953
0.184895
0.189176
0.191972
0.192437
0.245881
0.198308
0.19889
0.199544
0.0998949
0.20019
0.204379
0.155457
0.205832
0.107503
0.215609
0.218721
0.170464
0.178813
0.180205
0.233964
0.18595
0.186622
0.0869523
0.0947884
0.0953704
0.0973925
0.198307
0.1996
0.110479
0.210775
0.211144
0.111411
0.211426
0.211684
0.21193
0.012122
0.012689
0.012899
0.013292
0.0135741
0.0138381
0.0143781
0.214801
0.165185
0.0154222
0.115788
0.117909
0.0183563
0.0197663
0.174425
0.17483
0.175112
0.0265584
0.181892
0.182285
0.133327
0.0849255
0.0852916
0.0896176
0.193692
0.194103
0.194523
0.145042
0.205553
0.205763
0.206123
0.206534
0.207018
0.207273
0.207501
0.207756
0.207921
0.158176
0.179347
0.180874
0.185839
0.190615
0.0920251
0.0939751
0.195727
0.0964172
0.0981332
0.198553
0.199751
0.199916
0.104363
0.20517
0.206964
0.210338
0.110887
0.211097
0.161334
0.0116071
0.0118801
0.0120901
0.0122731
0.0124292
0.0127982
0.0129452
0.213248
0.113404
0.0143463
0.0148743
0.0152943
0.0156903
0.165936
0.0162094
0.218447
0.125086
0.125632
0.225944
0.127678
0.0280265
0.179554
0.185977
0.188188
0.189094
0.192475
0.143975
0.0946287
0.196858
0.198574
0.205193
0.205349
0.205898
0.206579
0.207431
0.209327
0.210656
0.115378
0.166032
0.217379
0.086382
0.0883591
0.188887
0.0919171
0.0935342
0.194854
0.198658
0.101262
0.00998071
0.0103107
0.0108148
0.111184
0.211199
0.211715
0.21188
0.212683
0.212869
0.213763
0.0140451
0.214282
0.214693
0.0149392
0.0156452
0.166149
0.0163772
0.0165963
0.218039
0.0208503
0.171246
0.121447
0.122281
0.176958
0.233066
0.183498
0.0336546
0.137441
0.194665
0.200951
0.204982
0.20579
0.206111
0.206321
0.207539
0.207887
0.210125
0.215108
0.21551
0.218684
0.221111
0.221666
0.176164
0.177664
0.0838261
0.0874231
0.0899851
0.0917102
0.0920762
0.195367
0.0963813
0.196747
0.0990844
0.209628
0.210745
0.210964
0.21121
0.211873
0.162384
0.212398
0.162569
0.212584
0.212992
0.21334
0.013541
0.013814
0.013979
0.0141621
0.0143991
0.0145731
0.165092
0.0153561
0.11725
0.117514
0.117898
0.0192812
0.0213302
0.0230732
0.173538
0.177693
0.12805
0.129163
0.129583
0.180039
0.0854004
0.187737
0.191019
0.241782
0.193498
0.193936
0.194878
0.196378
0.196879
0.198217
0.198619
0.199912
0.204097
0.205178
0.20537
0.215543
0.16932
0.084243
0.088308
0.190177
0.190624
0.0922591
0.0926342
0.0931352
0.0937532
0.0941643
0.196978
0.198811
0.206044
0.107123
0.207138
0.160419
0.010839
0.0111961
0.211562
0.211817
0.0123121
0.0124952
0.0126782
0.0129602
0.0136262
0.164748
0.0154387
0.115453
0.215858
0.216005
0.0164164
0.217088
0.168085
0.221538
0.122714
0.12362
0.125147
0.176746
0.184213
0.184759
0.185611
0.18649
0.187351
0.189364
0.189739
0.140942
0.191263
0.19351
0.195343
0.196564
0.197794
0.199987
0.204649
0.206947
0.159041
0.168695
0.177188
0.186985
0.087603
0.091056
0.0916201
0.192553
0.0929282
0.0933032
0.0944432
0.0947643
0.0956433
0.19726
0.197869
0.148271
0.208247
0.208818
0.210276
0.210441
0.160597
0.0113559
0.0119209
0.0124319
0.0126419
0.0130079
0.0132809
0.013437
0.013647
0.163977
0.164379
0.216156
0.11771
0.118805
0.120575
0.170959
0.221343
0.121691
0.12356
0.0252403
0.126668
0.0297524
0.183277
0.0837064
0.186412
0.188948
0.13935
0.193118
0.14352
0.19394
0.19517
0.199478
0.15546
0.205724
0.205889
0.206721
0.206904
0.214908
0.220188
0.170599
0.172063
0.222411
0.134984
0.236115
0.0869041
0.187288
0.189031
0.0896852
0.190141
0.190561
0.0921693
0.192571
0.193333
0.0941225
0.0951635
0.0963485
0.0971106
0.204228
0.158769
0.00936507
0.00992312
0.160088
0.0103072
0.0106352
0.0108452
0.0112113
0.0129933
0.0137823
0.115012
0.115423
0.0174814
0.168135
0.11851
0.121912
0.172095
0.0228485
0.174654
0.131132
0.231507
0.132935
0.0839216
0.187312
0.187786
0.138152
0.189607
0.190159
0.190423
0.190669
0.194401
0.196738
0.197149
0.199918
0.204938
0.205166
0.156529
0.215049
0.125783
0.182791
0.0833553
0.183721
0.087951
0.091188
0.193075
0.193486
0.0942931
0.194623
0.0950072
0.0973802
0.199973
0.10932
0.209542
0.160104
0.210118
0.210286
0.0109459
0.162387
0.012808
0.213138
0.0133751
0.0135222
0.0138882
0.0142542
0.0144642
0.0147372
0.0153672
0.16585
0.21618
0.171289
0.0216644
0.180805
0.131216
0.134957
0.185359
0.135783
0.136278
0.0864335
0.18659
0.186983
0.139491
0.190262
0.0921937
0.192551
0.0934838
0.193877
0.195134
0.146148
0.196532
0.197231
0.199262
0.203772
0.205344
0.209142
0.185086
0.090117
0.195037
0.195367
0.0957961
0.0971522
0.197851
0.198271
0.198583
0.0993904
0.206889
0.00942474
0.00979076
0.0115919
0.0122779
0.0126639
0.0130509
0.21331
0.113324
0.213582
0.164629
0.11516
0.215406
0.215553
0.115718
0.115937
0.0162192
0.16711
0.0172843
0.0195763
0.220509
0.2211
0.17413
0.174569
0.0255555
0.176444
0.0268546
0.177257
0.129603
0.0321377
0.0833947
0.184994
0.185414
0.137922
0.0385669
0.0938109
0.19514
0.204637
0.204838
0.20512
0.205732
0.160994
0.211378
0.213634
0.114036
0.164348
0.222202
0.226519
0.093489
0.094062
0.0952021
0.104873
0.110848
0.212536
0.212701
0.213033
0.0133567
0.213567
0.213714
0.0144738
0.0146568
0.214822
0.0155659
0.0159049
0.0160789
0.0162709
0.166463
0.216856
0.017267
0.217504
0.217696
0.0180801
0.118923
0.0198292
0.222373
0.172757
0.173312
0.223732
0.174953
0.125616
0.226441
0.228436
0.180836
0.235936
0.186365
0.0381445
0.0886726
0.0891016
0.191115
0.193065
0.195447
0.204579
0.205237
0.205519
0.210769
0.213763
0.21412
0.115341
0.216445
0.227323
0.19201
0.194653
0.196468
0.0982471
0.198568
0.208141
0.108306
0.210668
0.110683
0.111521
0.111854
0.0118686
0.112292
0.113643
0.213657
0.213933
0.0145639
0.21541
0.21577
0.016256
0.0168012
0.0169842
0.0175392
0.0177762
0.218058
0.218259
0.0184693
0.0186883
0.0189253
0.119189
0.169381
0.120692
0.221121
0.0220814
0.222501
0.224503
0.228046
0.0835146
0.191981
0.144255
0.203834
0.154533
0.206012
0.206802
0.157066
0.208944
0.209733
0.210621
0.211053
0.211272
0.211665
0.213858
0.21543
0.215886
0.170212
0.223332
0.223878
0.17986
0.0919349
0.194175
0.095045
0.246194
0.0973881
0.199086
0.207436
0.107631
0.208822
0.00917941
0.00973748
0.0105535
0.0108925
0.111049
0.211589
0.0125697
0.112834
0.0130618
0.0136018
0.0149349
0.0153009
0.165529
0.215922
0.216441
0.216843
0.168505
0.0200861
0.120821
0.121844
0.122255
0.124088
0.226551
0.176881
0.0848703
0.18637
0.187438
0.141341
0.191761
0.195538
0.149136
0.200033
0.253983
0.204501
0.204858
0.2562
0.206357
0.206822
0.207797
0.211268
0.21401
0.214583
0.217334
0.175071
0.175464
0.12637
0.185853
0.239513
0.089888
0.190227
0.090737
0.0911031
0.24149
0.0917181
0.0938841
0.100032
0.208405
0.209177
0.109648
0.209663
0.111711
0.111894
0.212104
0.0123677
0.0128268
0.0133038
0.0136248
0.213973
0.0141649
0.014678
0.014924
0.015904
0.166816
0.21792
0.218331
0.219795
0.170278
0.121661
0.172153
0.173671
0.0292843
0.180253
0.130754
0.181849
0.1828
0.1871
0.137727
0.138102
0.194444
0.194981
0.145437
0.198359
0.249076
0.199505
0.204513
0.205509
0.161878
0.21327
0.217434
0.219996
0.237381
0.0904288
0.0963839
0.0969479
0.197431
0.00972543
0.00991744
0.0101005
0.0103735
0.0105475
0.0114025
0.111733
0.211943
0.21209
0.212255
0.212447
0.212594
0.212849
0.163161
0.113509
0.0139199
0.114454
0.114709
0.015048
0.115312
0.215624
0.0170401
0.0174271
0.217838
0.218093
0.1216
0.171993
0.173745
0.127035
0.127491
0.227884
0.132381
0.0827924
0.133698
0.185
0.187175
0.0897015
0.140005
0.0408565
0.143806
0.194262
0.0989656
0.199269
0.199689
0.204662
0.205073
0.208262
0.21032
0.210695
0.212771
0.213416
0.164592
0.215768
0.168033
0.222296
0.222716
0.229445
0.238433
0.190266
0.0911992
0.0918712
0.0936682
0.0949613
0.0959123
0.10993
0.211865
0.112075
0.162452
0.213116
0.0133528
0.213617
0.21404
0.0142499
0.014433
0.014607
0.21479
0.215192
0.0155791
0.0157531
0.216158
0.0163051
0.217284
0.117485
0.0176322
0.167887
0.122075
0.174052
0.124994
0.0254414
0.0764824
0.227118
0.0306524
0.183763
0.185317
0.135701
0.188524
0.192698
0.0954126
0.195761
0.198701
0.199112
0.104334
0.206881
0.207238
0.208009
0.212542
0.165545
0.216334
0.216727
0.226102
0.080167
0.184079
0.090979
0.0920831
0.193637
0.0974232
0.0996432
0.00994741
0.110508
0.210719
0.210929
0.0111296
0.111826
0.212393
0.0131187
0.213323
0.214178
0.214415
0.114808
0.215841
0.016024
0.216393
0.216675
0.117102
0.217116
0.0173832
0.0175572
0.118023
0.21838
0.0187407
0.118755
0.0200203
0.170167
0.0231523
0.126749
0.179977
0.181306
0.0862534
0.0870334
0.188353
0.191527
0.194297
0.195356
0.196226
0.197969
0.148843
0.1992
0.204129
0.155583
0.15732
0.207722
0.208934
0.20993
0.161178
0.214433
0.11479
0.215192
0.221822
0.0846712
0.0879892
0.0928462
0.0942923
0.194634
0.0953763
0.195769
0.0959974
0.196144
0.0981305
0.0990815
0.158131
0.210391
0.011768
0.112152
0.112575
0.0131361
0.213283
0.0134301
0.0138502
0.164078
0.0142612
0.0145252
0.0146903
0.0149093
0.0151553
0.215383
0.0157854
0.115932
0.216337
0.0165204
0.216757
0.167105
0.120504
0.220916
0.173415
0.123808
0.225272
0.126754
0.128605
0.181788
0.132487
0.185769
0.190545
0.198462
0.198927
0.204014
0.204188
0.104952
0.205432
0.206135
0.20675
0.157168
0.207423
0.211134
0.114839
0.172369
0.226515
0.084963
0.0857701
0.0908251
0.0933512
0.0948332
0.0970712
0.147941
0.198991
0.157616
0.208619
0.211441
0.0122299
0.0125629
0.013652
0.013808
0.01409
0.21451
0.214774
0.214984
0.0156682
0.115824
0.0160522
0.0179482
0.218845
0.170561
0.174347
0.175406
0.175772
0.176345
0.229718
0.181596
0.134014
0.136819
0.191802
0.142204
0.193047
0.196023
0.196713
0.197574
0.198939
0.20419
0.20492
0.20534
0.157062
0.176523
0.231992
0.182322
0.0827329
0.089093
0.190557
0.0913101
0.0917211
0.0922071
0.0923541
0.0941332
0.0978472
0.0995453
0.199965
0.207796
0.00864862
0.00921865
0.00960267
0.110404
0.210419
0.011324
0.011946
0.0124861
0.212633
0.0132111
0.213526
0.0137092
0.214138
0.0153232
0.0156622
0.117396
0.119328
0.221206
0.222742
0.223378
0.224797
0.0265674
0.0784184
0.129531
0.13104
0.233108
0.136174
0.139429
0.0905236
0.191286
0.191643
0.193179
0.196884
0.197214
0.197616
0.207736
0.207928
0.208102
0.208267
0.208495
0.209053
0.210544
0.211027
0.216505
0.11877
0.17405
0.226108
0.226429
0.227029
0.182597
0.0891193
0.23944
0.0903373
0.0907484
0.0911144
0.0916334
0.196355
0.197109
0.206318
0.109109
0.0105469
0.010961
0.011135
0.211555
0.011756
0.011921
0.112972
0.0135081
0.0144151
0.214799
0.0168032
0.219749
0.170799
0.121129
0.221729
0.17682
0.127141
0.177516
0.179313
0.0808945
0.181504
0.181879
0.132461
0.434096
0.0851996
0.235683
0.286211
0.138152
0.190102
0.194302
0.194677
0.195745
0.196147
0.246567
0.198022
0.199378
0.203476
0.204914
0.208952
0.115735
0.167154
0.227717
0.0837442
0.0868553
0.0882473
0.0892523
0.0896184
0.192891
0.0939234
0.0943435
0.199732
0.100183
0.107525
0.109062
0.159554
0.209569
0.210268
0.211669
0.0118792
0.162819
0.0132302
0.0133952
0.213779
0.0139713
0.0141633
0.0143823
0.0145653
0.0147213
0.214922
0.217144
0.16868
0.21937
0.170492
0.122226
0.173078
0.173453
0.173936
0.174338
0.0252713
0.17561
0.226867
0.127269
0.0289764
0.179396
0.129789
0.180506
0.135823
0.236594
0.139444
0.0398455
0.0914446
0.342135
0.192546
0.192948
0.194934
0.246272
0.197214
0.14803
0.207019
0.158312
0.214735
0.116757
0.272586
0.177533
0.177881
0.084907
0.087082
0.188636
0.191351
0.192122
0.0936851
0.0940871
0.0957132
0.0973212
0.198758
0.200033
0.0102857
0.211268
0.0115718
0.161965
0.0124239
0.012781
0.113018
0.013375
0.013657
0.113912
0.0150581
0.0153881
0.117749
0.168963
0.0204903
0.221441
0.122887
0.224198
0.0747714
0.225155
0.178833
0.0837355
0.185209
0.189643
0.195697
0.148736
0.154885
0.205086
0.155243
0.210877
0.21298
0.213391
0.180506
0.231331
0.233938
0.186077
0.0876128
0.238195
0.188714
0.090187
0.090607
0.090928
0.241423
0.0916691
0.0920981
0.0924821
0.242875
0.193547
0.194138
0.0975823
0.199613
0.249997
0.210863
0.0116072
0.0118802
0.0120992
0.0131913
0.0134463
0.0137103
0.0139473
0.214103
0.164517
0.164709
0.215114
0.265342
0.165606
0.166026
0.116273
0.166696
0.116924
0.267738
0.0178847
0.218158
0.168632
0.0190788
0.170846
0.121941
0.123441
0.124392
0.0248121
0.125691
0.2263
0.178052
0.18083
0.186461
0.136782
0.0384984
0.190133
0.190895
0.19164
0.142051
0.0929565
0.194889
0.197793
0.0999766
0.256449
0.212017
0.169413
0.221579
0.177795
0.184713
0.0867886
0.0882707
0.0952157
0.0957497
0.245969
0.196152
0.0977869
0.198144
0.105291
0.208205
0.108379
0.20858
0.20905
0.161127
0.211329
0.0115386
0.0118116
0.0120126
0.0122316
0.0126427
0.0131737
0.0133657
0.0139147
0.0140707
0.164317
0.0160388
0.169168
0.119489
0.223309
0.12876
0.132546
0.183785
0.0852401
0.186929
0.188312
0.24028
0.190826
0.191219
0.191801
0.192221
0.193739
0.144709
0.195831
0.204933
0.155872
0.206037
0.216246
0.217045
0.222406
0.229783
0.184496
0.186068
0.190025
0.190868
0.191252
0.0921308
0.142551
0.193484
0.0947629
0.095201
0.195621
0.197031
0.0990351
0.199392
0.199857
0.108032
0.208046
0.110112
0.210127
0.110822
0.0117577
0.0119047
0.0120967
0.0123158
0.0125258
0.0126908
0.0129638
0.113576
0.0144728
0.11516
0.168892
0.170572
0.03497
0.035813
0.0874931
0.13785
0.13818
0.18869
0.0399472
0.190322
0.190706
0.191135
0.191798
0.192956
0.193673
0.194093
0.244675
0.195204
0.197694
0.198087
0.198444
0.199485
0.20528
0.155727
0.21548
0.165918
0.176679
0.233687
0.0888858
0.0921139
0.192453
0.0935209
0.096938
0.206273
0.158446
0.210061
0.210579
0.210754
0.113555
0.0138368
0.0140558
0.0142118
0.0143768
0.0146588
0.0156159
0.0160679
0.0168119
0.217022
0.217424
0.217817
0.120799
0.22121
0.121567
0.171924
0.122875
0.0234031
0.224552
0.174918
0.179225
0.031211
0.0816671
0.192437
0.0928481
0.143556
0.203999
0.204632
0.204851
0.206291
0.207998
0.208472
0.208946
0.209321
0.211964
0.215705
0.21608
0.217985
0.219215
0.120886
0.272495
0.224436
0.284243
0.0893066
0.190195
0.0905427
0.191323
0.0928498
0.0949978
0.0954268
0.0994289

