RTT
0.0459114
0.0461304
0.0496816
0.0500397
0.0506428
0.0599991
0.0608468
0.0108612
0.0111462
0.0144186
0.0145657
0.0647343
0.0147487
0.0652013
0.0152157
0.0153927
0.0655524
0.0155667
0.065712
0.0157258
0.0159118
0.0161489
0.0663447
0.016359
0.066594
0.016608
0.0667708
0.016785
0.0669841
0.0169981
0.0671792
0.0171931
0.0674458
0.0174602
0.0676498
0.0176642
0.0678093
0.0178233
0.0679861
0.0180003
0.00545929
0.00560635
0.00602641
0.00619145
0.00643747
0.00699556
0.0072056
0.00736164
0.00750869
0.00770073
0.00819582
0.00859587
0.00880592
0.00898897
0.009262
0.00990502
0.010142
0.0102981
0.0107711
0.0110532
0.00465002
0.0054722
0.00562825
0.00616839
0.00632443
0.00656149
0.00695455
0.00751062
0.00772966
0.00790371
0.00826076
0.00933179
0.00951484
0.00977889
0.00994392
0.010109
0.010328
0.0106011
0.0110031
0.0115882
0.00135543
0.00428596
0.00445102
0.00617427
0.00652231
0.00669635
0.0069604
0.0073175
0.00818657
0.00859767
0.00898272
0.00933076
0.00956779
0.00984982
0.0100148
0.0102879
0.0104439
0.011071
0.011308
0.012112
0.00372358
0.00398266
0.005354
0.00550106
0.00598512
0.00638717
0.00676221
0.00745833
0.00787843
0.00845247
0.0086265
0.00877356
0.00892962
0.00926866
0.00948768
0.00964372
0.00989876
0.0100998
0.0103098
0.0107599
0.0049789
0.00568004
0.00589007
0.00610909
0.00637312
0.00674017
0.00715422
0.00738224
0.00798632
0.00816938
0.00833442
0.00874548
0.00902754
0.00929157
0.00956461
0.00972964
0.00990366
0.0101137
0.0102877
0.0108848
0.0047029
0.00517102
0.00600707
0.00620809
0.00675815
0.00694118
0.00748124
0.00769129
0.00816135
0.00831739
0.00958954
0.00992862
0.0100937
0.0102857
0.0105497
0.0107058
0.0108708
0.0114289
0.0127459
0.014981
0.00521696
0.00544501
0.00610315
0.00630419
0.0068403
0.00705034
0.00743439
0.00764444
0.00791749
0.00821152
0.00836755
0.0085776
0.00880563
0.00948766
0.00974272
0.0100158
0.0102078
0.0104178
0.0106369
0.0109009
0.00463796
0.004821
0.00522407
0.00571915
0.00592019
0.00630425
0.00654131
0.00669736
0.00689838
0.00711742
0.00735445
0.00758248
0.00813156
0.00834159
0.00911962
0.00933866
0.0095847
0.00983072
0.0100948
0.0102598
0.00602195
0.00618697
0.00634301
0.00658905
0.00681708
0.00708109
0.00729113
0.00754619
0.00779226
0.00823131
0.00851336
0.00875939
0.00893343
0.00921548
0.00937151
0.00959953
0.00981858
0.0100376
0.0102837
0.0105297
0.00471599
0.00656414
0.00675616
0.0069932
0.00735927
0.0075243
0.00777933
0.00804337
0.00829842
0.00850847
0.0087275
0.00887452
0.00915657
0.00935763
0.00954067
0.00975071
0.0104228
0.0107048
0.0117079
0.012266
0.00549801
0.00564504
0.00590908
0.00695722
0.00718523
0.00757831
0.00783334
0.00809736
0.00879439
0.00907645
0.00934952
0.00954159
0.00976963
0.00994366
0.0101807
0.0105558
0.0108288
0.0110658
0.0113389
0.0115219
0.00439381
0.00485292
0.00520802
0.00576413
0.00591115
0.00605818
0.00626822
0.00646025
0.00671528
0.00688033
0.00709038
0.00748145
0.00827652
0.00850458
0.00892462
0.00909866
0.0092637
0.00960277
0.0101848
0.0103768
0.00366669
0.00464974
0.00498683
0.00546394
0.00585799
0.00653415
0.00689123
0.00714627
0.00738331
0.00773137
0.00805242
0.00824446
0.00910454
0.00927857
0.00956059
0.00971661
0.00992665
0.0101187
0.0103017
0.0109318
0.00420889
0.00513603
0.0054391
0.00563115
0.00612622
0.00632726
0.00671135
0.00688542
0.00708647
0.0073685
0.00765052
0.00840261
0.00925665
0.00949369
0.00970371
0.00994972
0.0102048
0.0103608
0.0105528
0.0108258
0.00462682
0.00524296
0.00544402
0.00577408
0.00614015
0.00630519
0.00653323
0.00668026
0.00702834
0.00725639
0.00745742
0.00874749
0.00916754
0.00933257
0.0097716
0.00992763
0.0101737
0.0108307
0.0110497
0.0124477
0.00526307
0.00580315
0.00595018
0.00619621
0.00637027
0.00658032
0.00678135
0.00701837
0.00718342
0.00742048
0.00774954
0.00795957
0.00824161
0.00850565
0.00868868
0.00929772
0.00948976
0.00985582
0.0101198
0.0106509
0.00564298
0.00647308
0.00673713
0.00692916
0.00707621
0.00744229
0.00784437
0.00802739
0.00826442
0.00853745
0.00872049
0.00890353
0.00906856
0.00930558
0.0094886
0.00973462
0.00992664
0.0101997
0.0103557
0.0106198
0.00519914
0.00616422
0.00640125
0.00658427
0.0067403
0.00698634
0.00721437
0.00747842
0.00775148
0.00797051
0.00820756
0.00845362
0.00871765
0.00892767
0.00917369
0.00933872
0.00957576
0.00983081
0.0100049
0.0102779
0.00600715
0.00688721
0.00713325
0.00728927
0.00752632
0.00770937
0.0079824
0.00814743
0.00842049
0.00857654
0.00885858
0.00914063
0.00938667
0.0096147
0.012177
0.012378
0.0126331
0.0127891
0.0130351
0.0138882
1.01402
0.964023
0.914035
1.0143
0.964299
0.914311
1.01468
0.964685
0.914698
1.01491
0.964908
0.91492
1.01595
0.965954
0.915966
0.000826035
0.00525084
0.00594696
0.00648705
0.00664311
0.00683515
0.00705419
0.00733623
0.00748326
0.00774729
0.00793032
0.00810438
0.00849747
0.00869851
0.00893555
0.00908257
0.00991364
0.0101237
0.0103067
0.0104897
0.0106908
0.0108558
0.0110928
0.0113119
0.012242
0.00172433
0.00448476
0.00518787
0.00566299
0.00581904
0.00604711
0.00619415
0.00643117
0.00665019
0.00686021
0.00752531
0.00770833
0.0081014
0.00827544
0.00911953
0.00943161
0.00961465
0.00980669
0.00999875
0.0102538
0.0104818
0.0107549
0.0109109
0.01113
0.011742
0.00199427
0.006215
0.00677607
0.00732318
0.00747921
0.00799229
0.00841238
0.00879644
0.00897048
0.00922552
0.00943555
0.0096186
0.00983765
0.0101017
0.0102578
0.0105038
0.0107228
0.0109418
0.0115669
0.0118309
0.012014
0.012296
0.012488
0.012752
0.0129531
0.0063944
0.00662242
0.00680547
0.00699752
0.00717156
0.0074176
0.00758263
0.00774765
0.0080297
0.00831177
0.00853983
0.00872288
0.00895093
0.00910695
0.00935297
0.00959901
0.00987205
0.0100911
0.0103372
0.0105292
0.0107842
0.0110033
0.0111773
0.0119214
0.0121224
0.00120824
0.00459191
0.00541306
0.0057521
0.00624816
0.00655121
0.00669826
0.0069173
0.00733735
0.00748438
0.00765843
0.00800647
0.00861152
0.0089776
0.00951774
0.00975479
0.0102029
0.0104489
0.0107129
0.0109139
0.0111149
0.011787
0.011988
0.0122431
0.0142262
0.00768845
0.00796149
0.00810855
0.00826461
0.00841164
0.00864867
0.0088497
0.00927074
0.00954379
0.00969084
0.0099369
0.0100929
0.010312
0.010486
0.01066
0.010888
0.0110801
0.0112452
0.0115092
0.0117372
0.0119293
0.0121213
0.0123943
0.0126134
0.0146504
0.00507411
0.0054382
0.00591125
0.00642431
0.00669733
0.00725637
0.00748439
0.00773943
0.00789548
0.00848154
0.00880558
0.00899762
0.00917167
0.00936373
0.00956478
0.00981984
0.0100029
0.0102309
0.010414
0.010579
0.0107621
0.0110351
0.0112271
0.0114641
0.0126552
0.00093826
0.00571415
0.00656032
0.00694736
0.00712142
0.00732247
0.00747852
0.00787159
0.00805463
0.00821965
0.00875977
0.0089428
0.00944687
0.0096749
0.00989394
0.010561
0.010816
0.0110441
0.0112451
0.0118972
0.0121072
0.0123623
0.0125723
0.0127553
0.0130374
0.00152321
0.00630916
0.00647419
0.0066212
0.00680423
0.00696029
0.00714334
0.0074074
0.00762646
0.00801053
0.00817559
0.00832263
0.00863471
0.00879975
0.00917482
0.00932187
0.00970591
0.0104839
0.010649
0.011067
0.0113311
0.0115141
0.0117511
0.0120331
0.0125912
0.00471008
0.00522116
0.00631138
0.0065574
0.00673143
0.0070705
0.00749056
0.0076646
0.00788365
0.00811169
0.00825874
0.0084418
0.00865183
0.00903587
0.0099529
0.0101179
0.010364
0.010547
0.0107211
0.0108681
0.0110332
0.0112162
0.0114262
0.0123203
0.0154174
0.00541505
0.00562508
0.00597315
0.00613818
0.00679323
0.00695825
0.00755033
0.00779636
0.0079974
0.00816244
0.00841747
0.00861851
0.00888257
0.00918564
0.00945869
0.00961474
0.00984278
0.0100708
0.0103078
0.0110159
0.0112619
0.011436
0.011655
0.0118111
0.0125612
0.00495213
0.00569428
0.00622335
0.00645137
0.00682641
0.00704545
0.00728249
0.00766659
0.00786765
0.00808669
0.00836873
0.00858776
0.00877978
0.00895383
0.0091369
0.00930195
0.009467
0.00969504
0.0103921
0.0106291
0.0108391
0.0111122
0.0112952
0.0114423
0.0117153
0.00635122
0.00661528
0.00682531
0.00698134
0.00723637
0.00738342
0.00753947
0.00779451
0.00795054
0.00818757
0.00838859
0.00870163
0.00896568
0.00914869
0.00929572
0.00957775
0.0098148
0.0100699
0.0102259
0.010508
0.010745
0.010937
0.0111201
0.0117141
0.0125002
0.0050383
0.00624337
0.0064354
0.00665443
0.00691846
0.00717351
0.00741956
0.00783962
0.00806765
0.00826869
0.00853272
0.00876977
0.00892582
0.00909087
0.00935491
0.00954696
0.00969401
0.00993104
0.0102131
0.0104411
0.0108072
0.0110712
0.0113263
0.0119623
0.0121454
0.004662
0.00614123
0.00663428
0.00681734
0.00728639
0.00763443
0.00780846
0.00808151
0.00828256
0.00846559
0.00916761
0.00935064
0.00956967
0.00981571
0.0100168
0.0102718
0.0105089
0.0107909
0.010983
0.011229
0.011376
0.0116581
0.0118051
0.0124742
0.0132062
0.00609644
0.00652047
0.00673951
0.00728958
0.00767462
0.00785766
0.00812169
0.00839475
0.00864081
0.00882386
0.00903392
0.00930697
0.00951704
0.00966409
0.00987412
0.0100752
0.0103212
0.0105942
0.0107593
0.0110323
0.0111883
0.0114343
0.0115994
0.0121304
0.0128264
0.0081996
0.00837366
0.00864671
0.00889275
0.00909379
0.00933983
0.00970591
0.00998799
0.010153
0.0104261
0.0106181
0.0108641
0.0110652
0.0113022
0.0114493
0.0117043
0.0119593
0.0121963
0.0124784
0.0127154
0.0129164
0.0131895
0.0134535
0.0136635
0.0142396
0.00263113
0.00614672
0.00646778
0.00677281
0.00736389
0.00787294
0.00827503
0.00853008
0.00881211
0.00902213
0.00923215
0.00942418
0.0096162
0.00981723
0.0100993
0.0102913
0.0105194
0.0111534
0.0113004
0.0115285
0.0117746
0.0119216
0.0122037
0.0124587
0.0127048
0.0048497
0.00563184
0.00649398
0.00684203
0.00704307
0.00720811
0.00740915
0.00876528
0.00941941
0.00970143
0.00993845
0.0101395
0.0103405
0.0106046
0.0111596
0.0113246
0.0115347
0.0116817
0.0119457
0.0121648
0.0123478
0.0125038
0.0127859
0.0130319
0.013269
0.0201117
0.0202858
0.0204598
0.0208559
0.0210389
0.021543
0.021816
0.0220801
0.0223081
0.0224822
0.0228302
0.0229773
0.0231693
0.0233884
0.0236344
0.0237995
0.0239825
0.0242645
0.0245015
0.0246756
0.0249486
0.0251676
0.0386821
0.0388381
0.0390392
0.0423543
0.0450114
0.0452244
0.0455294
0.0458054
0.0462284
0.0467834
0.0470075
0.0472355
0.0474795
0.0552736
0.0565976
0.0570706
0.00735567
0.00790279
0.00806785
0.0082419
0.00865393
0.00884597
0.00906498
0.00942204
0.0096051
0.00986913
0.0100342
0.0102982
0.0104813
0.0107183
0.0109013
0.0112404
0.0113874
0.0116155
0.0118345
0.0124975
0.0127166
0.0129626
0.0131816
0.0135887
0.0141648
0.00838324
0.0085843
0.00899533
0.00919635
0.00937939
0.00962543
0.0100485
0.0104085
0.0106635
0.0110746
0.0114096
0.0115956
0.0117877
0.0119617
0.0121357
0.0123188
0.0125108
0.0137058
0.0141259
0.0143809
0.0147339
0.015019
0.015317
0.015509
0.015749
0.0160941
0.0164681
0.0167171
0.0169001
0.0171552
0.0174492
0.0177432
0.0179172
0.0181453
0.0183643
0.0186173
0.0188363
0.0190374
0.0195844
0.0200525
0.00254514
0.00535853
0.00600065
0.0062377
0.00678681
0.00730891
0.00746496
0.00762102
0.00781307
0.00806809
0.00827811
0.00887604
0.00910408
0.00930509
0.00971614
0.0103862
0.0105962
0.0107882
0.0109533
0.0111453
0.0113553
0.0116014
0.0117934
0.0120485
0.0123035
0.00906091
0.00942698
0.009606
0.00994401
0.010112
0.0105391
0.0110322
0.0112872
0.0114522
0.0124283
0.0126593
0.0128154
0.0131734
0.0139804
0.0142534
0.0146474
0.0149115
0.0151755
0.0154576
0.0157396
0.0159767
0.0161597
0.0163877
0.0166337
0.0170448
0.0172818
0.0175439
0.0177989
0.0180089
0.0182459
0.018959
0.019115
0.019289
0.0195711
0.0198531
0.0200632
0.0203452
0.0205462
0.0208282
0.0224493
0.0047452
0.00527627
0.00641344
0.0066235
0.00677955
0.00698061
0.00740068
0.00768273
0.00791977
0.00808479
0.00859582
0.0089799
0.00922593
0.00937296
0.00962798
0.009802
0.01049
0.0107631
0.0113171
0.0117102
0.0119023
0.0121393
0.0123133
0.0125144
0.0129644
0.0054674
0.00592647
0.00652454
0.00854685
0.00910595
0.00931597
0.00962802
0.0104961
0.0106681
0.0109231
0.0110702
0.0114542
0.0118743
0.0121473
0.0125564
0.0129504
0.0131274
0.0143345
0.0145715
0.0149295
0.0153335
0.0155105
0.0160176
0.0162216
0.0164316
0.0165787
0.0168517
0.0170527
0.0172178
0.0174148
0.0175828
0.0177659
0.0179579
0.0182219
0.0184549
0.018882
0.019056
0.020064
0.0202111
0.0209501
0.000651174
0.00542219
0.00582423
0.00608826
0.00648131
0.00670935
0.00685641
0.00705747
0.0072405
0.00748651
0.00763355
0.00804464
0.00820967
0.00853075
0.00875879
0.00903182
0.00922385
0.00962594
0.00981801
0.0104001
0.0106011
0.0108201
0.0109672
0.0112402
0.0129893
0.00852729
0.00868333
0.00940842
0.0107036
0.0108687
0.0110697
0.0113637
0.0115677
0.0119428
0.0122708
0.0128658
0.0131119
0.0132769
0.0135229
0.013835
0.013991
0.0142221
0.0144711
0.0148551
0.0151011
0.0153611
0.0155832
0.0158472
0.0161292
0.0163442
0.0172042
0.0175323
0.0177543
0.0179643
0.0181384
0.0182854
0.0184414
0.0185885
0.0187715
0.0189816
0.0192636
0.0194107
0.0196277
0.0198997
0.0219848
0.00479967
0.00593881
0.00616683
0.00667785
0.00686087
0.00707089
0.00728992
0.00837297
0.00852901
0.00867604
0.00888608
0.00913213
0.00934219
0.00959725
0.0097533
0.00999033
0.0102723
0.0104914
0.0108395
0.0110496
0.0112056
0.0114696
0.0124597
0.0126697
0.0134448
0.00745917
0.00791829
0.00907942
0.00937246
0.00992452
0.0105577
0.0108787
0.0110707
0.0112968
0.0115788
0.0118518
0.0122089
0.0124439
0.0126539
0.0128639
0.0130289
0.013194
0.013614
0.0138961
0.0140701
0.0143521
0.0145152
0.0157022
0.0158762
0.0161462
0.0163773
0.0165873
0.0167524
0.0170164
0.0172885
0.0175435
0.0177565
0.0180345
0.0182025
0.0184396
0.0186136
0.0187876
0.0189507
0.0191067
0.0193617
0.00492066
0.00540674
0.0060759
0.00624997
0.00644202
0.00660705
0.00691009
0.00708412
0.00730315
0.00766921
0.00787024
0.0080713
0.00827236
0.0085544
0.00879144
0.00900148
0.00916651
0.00939455
0.0100916
0.0102836
0.0104306
0.0106587
0.0108417
0.0110608
0.0112978
0.0087553
0.00916635
0.00934039
0.00950543
0.00965248
0.00982652
0.0101565
0.0105226
0.0108617
0.0112637
0.0115668
0.0117568
0.0119308
0.0121189
0.0123499
0.0125599
0.0137859
0.0140499
0.014209
0.014464
0.014674
0.014848
0.0150971
0.0154391
0.0156492
0.0158682
0.0161302
0.0164702
0.0168883
0.0171463
0.0173383
0.0176113
0.0177584
0.0180314
0.0182425
0.0184195
0.0191075
0.0192636
0.0206706
0.0224177
0.00464271
0.00494579
0.00511082
0.00564692
0.00587496
0.00612098
0.006394
0.00659503
0.00683207
0.00702411
0.00720718
0.00738122
0.00775631
0.00802936
0.00831139
0.00858442
0.00884845
0.00903148
0.00925052
0.00997856
0.0101346
0.0104167
0.0106177
0.0108638
0.0111098
0.00711729
0.00955149
0.0117007
0.0119018
0.0121658
0.0126519
0.0129799
0.0131479
0.0134119
0.0136039
0.013778
0.01397
0.0141171
0.0143451
0.0145011
0.0146481
0.0150061
0.0152012
0.0156122
0.0157952
0.0159783
0.0162063
0.0165914
0.0167594
0.0171264
0.0172944
0.0175095
0.0179695
0.0184756
0.0186316
0.0189046
0.0191866
0.0194237
0.0197357
0.0199667
0.0201227
0.0203057
0.0205098
0.0206958
0.0224789
0.00582392
0.00603395
0.00627098
0.00661911
0.00698517
0.00714121
0.00751629
0.00768136
0.00782841
0.00798445
0.0081945
0.00847656
0.00878863
0.00903467
0.00928969
0.00954471
0.00980873
0.0105777
0.0108328
0.0112079
0.0113909
0.0116729
0.011829
0.012606
0.0131731
0.00825535
0.00862138
0.00892446
0.00947355
0.00971061
0.0100067
0.0102287
0.0106378
0.0111509
0.0114539
0.0116369
0.011917
0.012127
0.012511
0.012694
0.0128821
0.0131491
0.0134441
0.0136121
0.0137772
0.0139242
0.0141523
0.0144343
0.0146083
0.0148183
0.0149654
0.0151604
0.0154264
0.0166064
0.0167534
0.0169905
0.0172355
0.0174035
0.0176306
0.0177986
0.0180086
0.0181827
0.0184557
0.0186477
0.0189537
0.0046237
0.00561487
0.0060019
0.00618492
0.00633195
0.00648798
0.00689004
0.00738611
0.00841125
0.00856729
0.00889936
0.00963745
0.00981149
0.0103646
0.0105206
0.0107756
0.0110217
0.0112047
0.0114508
0.0116338
0.0118438
0.0120538
0.0123269
0.0130319
0.014871
0.00752925
0.00843836
0.00866941
0.00916047
0.00977255
0.0099196
0.0102147
0.0105087
0.0126019
0.0127669
0.0130309
0.0132409
0.0135219
0.01376
0.013979
0.014135
0.0143091
0.0146731
0.0153582
0.0155052
0.0156523
0.0158833
0.0163153
0.0165704
0.0170184
0.0172734
0.0175284
0.0177384
0.0179215
0.0180955
0.0183945
0.0186336
0.0189096
0.0191196
0.0199406
0.0202377
0.0204147
0.0206787
0.0209527
0.0240908
0.0055859
0.00573294
0.00592497
0.00619799
0.00640802
0.00655505
0.00683708
0.00699311
0.00797129
0.00815435
0.00839139
0.00867341
0.00891043
0.00917446
0.0098175
0.0100725
0.0102556
0.0104206
0.0105766
0.0108587
0.0110237
0.0112158
0.0113898
0.0122119
0.013095
0.00875732
0.00896738
0.00911443
0.00946049
0.00988152
0.0100495
0.0117496
0.0119417
0.0123507
0.0125158
0.0127978
0.0130619
0.0134829
0.013718
0.013946
0.01417
0.014437
0.0157431
0.0159351
0.0172482
0.0174792
0.0178012
0.0180862
0.0182513
0.0183983
0.0186633
0.0189213
0.0190864
0.0192944
0.0195674
0.0198794
0.0201195
0.0203385
0.0205755
0.0207955
0.0209725
0.0212546
0.0219686
0.0233937
1.02462
0.0254478
0.00323143
0.00386461
0.00418566
0.00439568
0.00624595
0.006567
0.00675904
0.00692409
0.00716115
0.00739822
0.00766226
0.00831028
0.00854731
0.00872134
0.0089764
0.00919545
0.00938749
0.00977157
0.00999961
0.0102726
0.0104377
0.0107107
0.0109298
0.0110858
0.0116259
0.00562893
0.00665919
0.00778836
0.0081624
0.00866944
0.00907152
0.00927254
0.0105636
0.0108097
0.0110557
0.0114218
0.0117788
0.0120249
0.0122889
0.0125619
0.012928
0.013156
0.0144921
0.0147731
0.0149502
0.0151962
0.0154042
0.0156283
0.0157873
0.0159343
0.0162163
0.0164444
0.0166184
0.0168734
0.0171114
0.0173274
0.0176275
0.0178405
0.0180145
0.0183476
0.0185606
0.0189346
0.0191836
0.0194476
0.0196757
0.0198947
0.000672759
0.00808288
0.00849398
0.00873101
0.00892302
0.00917805
0.00939709
0.00967014
0.00981721
0.0100723
0.0103453
0.0106183
0.0108284
0.0109934
0.0111854
0.0114315
0.0116595
0.0118066
0.0119986
0.0121636
0.0123647
0.0125837
0.0127937
0.0129588
0.0135078
0.00670816
0.0103345
0.0107456
0.0108926
0.0110487
0.0114058
0.0116158
0.0117809
0.0121829
0.012585
0.012732
0.0128971
0.0133071
0.0134901
0.0141261
0.0143992
0.0146542
0.0149182
0.0152263
0.0155393
0.0158243
0.0162433
0.0164833
0.0167564
0.0169394
0.0171314
0.0173414
0.0176784
0.0179605
0.0181895
0.0183575
0.0185946
0.0188766
0.0190756
0.0193467
0.0195027
0.0197947
0.0199627
0.0202267
0.0210238
0.0212508
0.00541282
0.00563188
0.00592596
0.00610901
0.00648408
0.00674812
0.00728819
0.00748922
0.00805236
0.00823537
0.00843639
0.00877547
0.00902152
0.00927656
0.0094866
0.00974164
0.0103917
0.0106467
0.0108477
0.0112498
0.0115318
0.0116879
0.0118529
0.012009
0.012576
0.00477199
0.00547212
0.00649423
0.0159605
0.0164416
0.0165976
0.0167537
0.0170837
0.0183038
0.0184508
0.0188439
0.0190719
0.019219
0.01942
0.019675
0.0199391
0.0200951
0.0204952
0.0206422
0.0207982
0.0209992
0.0214193
0.0215753
0.0218363
0.0221073
0.0223294
0.0227494
0.0230464
0.0234024
0.0237985
0.0240265
0.0242545
0.0249666
0.0251856
0.0254226
0.0256597
0.0259417
0.0261247
0.0263168
0.0265698
0.0267738
0.00193924
0.00452767
0.0051948
0.00590699
0.00646512
0.00670218
0.00690324
0.0072873
0.00744335
0.0080894
0.00828143
0.00854545
0.00878246
0.00899248
0.00922951
0.00937653
0.00957756
0.00976059
0.00996162
0.0101357
0.0103187
0.0105468
0.0107298
0.0110029
0.0112219
0.000761057
0.00943842
0.00980546
0.0108715
0.0112466
0.0114026
0.0117146
0.0119607
0.0121077
0.0122817
0.0126568
0.0129299
0.0131759
0.0134219
0.013856
0.014051
0.014841
0.014988
0.0151921
0.0153871
0.0155611
0.0157442
0.0160722
0.0163032
0.0164932
0.0167123
0.0169253
0.0172073
0.0174203
0.0175673
0.0177963
0.0179824
0.0182014
0.0185095
0.0188905
0.0191395
0.0193945
0.0195505
0.0197786
0.0200606
0.0233127
0.00345347
0.00541869
0.00585181
0.00637586
0.00744802
0.00782309
0.00812912
0.00833015
0.00854921
0.00870526
0.00885229
0.00905332
0.00941938
0.00957541
0.0102905
0.0106745
0.0108756
0.0111396
0.0113857
0.0115777
0.0118508
0.0120338
0.0121808
0.0127029
0.0137589
0.00731618
0.00920852
0.00946356
0.0101536
0.0107557
0.0111247
0.0115517
0.0119087
0.0122387
0.0128428
0.0130828
0.0135239
0.0137999
0.014073
0.014301
0.014559
0.0147721
0.0150571
0.0153331
0.0155522
0.0165692
0.0168513
0.0170793
0.0173164
0.0175804
0.0178174
0.0181115
0.0183785
0.0185255
0.0187536
0.0189986
0.0192206
0.0194216
0.0195867
0.0198597
0.0201237
0.0204357
0.0206217
0.0209038
0.0211408
0.0213868
0.00571589
0.00593491
0.00610893
0.006502
0.00697012
0.00720716
0.00744421
0.00783729
0.00809233
0.00842237
0.0086144
0.00876143
0.00891748
0.00913652
0.00987455
0.0100396
0.0103216
0.0105496
0.0107057
0.0109067
0.0111438
0.0114258
0.0116359
0.011918
0.0122
0.00971136
0.00988541
0.0102955
0.0105175
0.0115536
0.0117456
0.0120847
0.0125688
0.0128088
0.0130188
0.0132289
0.0134389
0.0136649
0.0140219
0.014259
0.014456
0.014902
0.015158
0.0154401
0.0157041
0.0159591
0.0161602
0.0163702
0.0165533
0.0168353
0.0179823
0.0183354
0.0185484
0.0188034
0.0190135
0.0191605
0.0193715
0.0196385
0.0198486
0.0201086
0.0203036
0.0205886
0.0207896
0.0210447
0.0212907
0.0215007
0.00366749
0.00410961
0.00486968
0.00649288
0.00664891
0.00693094
0.00737898
0.00779904
0.00800008
0.00836913
0.00856119
0.00892125
0.00925132
0.00949737
0.00975241
0.00999847
0.0102265
0.0104996
0.0107276
0.0109376
0.0112107
0.0116307
0.0125878
0.0127708
0.0129628
0.0063541
0.0111497
0.0113607
0.0125079
0.0127789
0.0129619
0.013355
0.013538
0.013982
0.014141
0.0144231
0.0145701
0.0148552
0.0150502
0.0152872
0.0155383
0.0157873
0.0160063
0.0162253
0.0164264
0.0167654
0.0170955
0.0173695
0.0176635
0.0179065
0.0181466
0.0183116
0.0185397
0.0188217
0.0196867
0.0199268
0.0201758
0.0205058
0.0207908
0.0210369
0.0211839
0.021349
0.02155
0.021786
0.022017
0.023127
0.00473581
0.00555204
0.00602018
0.00633225
0.00656931
0.00680636
0.00695342
0.00737347
0.00763751
0.00802156
0.0083606
0.00857963
0.00883466
0.00899969
0.00966572
0.00992075
0.0101848
0.0103588
0.0105149
0.010671
0.010863
0.0111001
0.0113461
0.0115111
0.0117301
0.0105124
0.0112224
0.0120765
0.0123705
0.0129106
0.0132676
0.0138257
0.0142098
0.0144708
0.0147018
0.0150318
0.0152419
0.0153889
0.0156079
0.015854
0.016091
0.0163191
0.0166851
0.0177491
0.0180472
0.0182482
0.0184942
0.0188292
0.0191052
0.0193763
0.0198513
0.0200464
0.0202024
0.0204844
0.0208624
0.0210754
0.0213575
0.0215765
0.0217235
0.0220405
0.0223926
0.0226146
0.0229096
0.0230776
0.0236446
0.0250337
0.00196212
0.00480658
0.00495362
0.00528366
0.0059168
0.00643087
0.00692598
0.00710904
0.0073461
0.00754713
0.00775719
0.00791323
0.00808726
0.0082883
0.00851633
0.00906541
0.00975346
0.00990049
0.0100655
0.0103116
0.0105126
0.0107946
0.0110227
0.0111967
0.0113797
0.0074122
0.00917137
0.0101436
0.0108037
0.0113238
0.0118538
0.0123258
0.0124819
0.0126379
0.0128479
0.0130669
0.0133109
0.013503
0.013749
0.0141721
0.0143851
0.0149331
0.0152441
0.0154932
0.0157662
0.0170892
0.0173262
0.0174823
0.0176723
0.0178643
0.0181193
0.0183204
0.0185484
0.0188124
0.0190045
0.0193215
0.0195075
0.0197175
0.0198736
0.0200386
0.0202847
0.0206157
0.0210118
0.0211768
0.0216629
0.024942
0.00163132
0.00556011
0.00570713
0.00669324
0.00703233
0.00722437
0.00791148
0.00807652
0.00825055
0.0083976
0.00857165
0.00873671
0.00892873
0.00923175
0.00937878
0.00955284
0.0097899
0.0100359
0.010403
0.010754
0.0110361
0.0113091
0.0114651
0.0116662
0.0118312
0.00755535
0.00855139
0.00898141
0.00927545
0.00996961
0.0103357
0.0106567
0.0108848
0.0114938
0.0120649
0.012904
0.013168
0.013351
0.0137351
0.0138821
0.0141642
0.0144282
0.0146382
0.0149063
0.0152473
0.0154673
0.0157223
0.0160103
0.0162324
0.0164604
0.0166614
0.0168894
0.0171655
0.0175645
0.0177115
0.0181595
0.0184235
0.0189756
0.0192996
0.0195036
0.0197567
0.0200167
0.0202477
0.0204847
0.0207287
0.0209568
0.00563482
0.00629597
0.00647
0.00683606
0.0070011
0.0078322
0.00817127
0.00911137
0.00926739
0.00954044
0.00982249
0.0100505
0.0102786
0.0104796
0.0106806
0.0113866
0.0115877
0.0118428
0.0121158
0.0123798
0.0125269
0.0126829
0.0129019
0.013286
0.0137811
0.00628422
0.00942363
0.0101197
0.0105037
0.0111798
0.0114908
0.0118778
0.0121599
0.0123609
0.0125349
0.012718
0.013024
0.013435
0.0141051
0.0143062
0.0144622
0.0146902
0.0148463
0.0150773
0.0153903
0.0165373
0.0169603
0.0172544
0.0175274
0.0177645
0.0180085
0.0182275
0.0184465
0.0186836
0.0188756
0.0192777
0.0194877
0.0198898
0.0202568
0.0206618
0.0209259
0.0216589
0.0218959
0.022061
0.022325
0.023453
0.00431393
0.0051221
0.00548815
0.00571618
0.00607325
0.00637732
0.00653338
0.00670743
0.00696245
0.00715447
0.00750253
0.00776658
0.00796762
0.00815068
0.00847175
0.00869978
0.0091298
0.00953484
0.0096999
0.00990092
0.010138
0.010459
0.0106781
0.0111641
0.0126612
0.00819656
0.00970671
0.0101187
0.0103638
0.0107328
0.0110998
0.0116229
0.0118239
0.012052
0.012373
0.0127901
0.0131121
0.0133521
0.0135261
0.0137182
0.0139552
0.0142103
0.0144113
0.0146963
0.0151093
0.0153864
0.0159705
0.0161805
0.0164085
0.0165826
0.0168556
0.0172987
0.0175117
0.0177037
0.0181238
0.0184448
0.0188208
0.0190128
0.0192709
0.0195649
0.0197659
0.0199579
0.0206539
0.020891
0.021215
0.023282
0.00469394
0.00484099
0.00500604
0.00624628
0.00710943
0.00729249
0.00773854
0.00795758
0.00821263
0.00839569
0.00856974
0.00880677
0.00907978
0.00929881
0.00950884
0.00979087
0.0102679
0.010424
0.010811
0.010994
0.0112491
0.0114501
0.0117141
0.0118701
0.0120172
0.0129049
0.01316
0.013343
0.013581
0.013959
0.0141781
0.0144051
0.0145821
0.0148461
0.0149932
0.0151852
0.0154223
0.0156593
0.0158693
0.0160164
0.0163914
0.0166434
0.0168564
0.0170215
0.0172345
0.0174475
0.0176576
0.0179286
0.0180936
0.0183576
0.0185766
0.0187957
0.0190057
0.0191708
0.0193628
0.0196778
0.0198909
0.0202049
0.0203699
0.0206409
0.0209049
0.021133
0.022132
0.022363
0.02251
0.0236561
0.00613525
0.00669336
0.00695739
0.00723941
0.00746745
0.00766852
0.00793257
0.00808861
0.00824467
0.0084187
0.00861073
0.00883876
0.00898578
0.00913282
0.00936087
0.00952593
0.00980796
0.010258
0.010672
0.0108281
0.0110021
0.0112842
0.0115392
0.0116952
0.0119232
0.00995267
0.0105388
0.0107488
0.0112378
0.0117409
0.0119059
0.0123719
0.012795
0.0129691
0.0131521
0.0132991
0.0134551
0.0138392
0.0141192
0.0142932
0.0145393
0.0147273
0.0149673
0.0152404
0.0154054
0.0155524
0.0158785
0.0160645
0.0162835
0.0165536
0.0168296
0.0171216
0.0173556
0.0176137
0.0178867
0.0181687
0.0188918
0.0190838
0.0193778
0.0196358
0.0199088
0.0201099
0.0203559
0.0206379
0.020893
0.021103
0.000657055
0.00600803
0.00615507
0.00652112
0.00691421
0.00707025
0.00722628
0.00750833
0.00769138
0.00794642
0.00810245
0.0085616
0.00870863
0.00891868
0.00919171
0.00947375
0.00971978
0.00997484
0.0102479
0.0104489
0.0110919
0.011293
0.011485
0.011731
0.0118961
0.00896853
0.00912455
0.00929858
0.00961961
0.00999266
0.0104587
0.0106898
0.011506
0.011735
0.01193
0.012269
0.0127791
0.0131721
0.0134181
0.0135832
0.0141552
0.0144072
0.0146203
0.0148303
0.0153193
0.0154934
0.0161474
0.0162944
0.0164414
0.0166605
0.0168435
0.0170445
0.0172096
0.0173566
0.0176306
0.0179456
0.0181857
0.0184587
0.0186957
0.0189288
0.0192978
0.0195259
0.0197809
0.020009
0.020258
0.020846
0.00473991
0.00603812
0.00656322
0.00673727
0.00692033
0.00706737
0.0072324
0.00740642
0.00782648
0.00805453
0.00829157
0.00850158
0.00877462
0.00900267
0.00928473
0.00943178
0.00966881
0.00988783
0.0101068
0.0103259
0.0105089
0.01071
0.010983
0.0116371
0.0119191
0.0107115
0.0110326
0.0118817
0.0121938
0.0132439
0.0134089
0.013655
0.013892
0.014102
0.014267
0.0146421
0.0148371
0.0150861
0.0152872
0.0155602
0.0157162
0.0159803
0.0165793
0.0167263
0.0170563
0.0172604
0.0175334
0.0177874
0.0179914
0.0182285
0.0185545
0.0187295
0.0190285
0.0192685
0.0195236
0.0197696
0.0200247
0.0203227
0.0211037
0.0212867
0.0216167
0.0218388
0.0220128
0.0223498
0.0225728
0.0228039
0.00588385
0.00683295
0.006989
0.00740906
0.00757409
0.00792216
0.00814121
0.00841426
0.00874435
0.00890038
0.00937747
0.00961449
0.00982451
0.0100525
0.0103256
0.0105806
0.0107637
0.0115957
0.0118508
0.0120698
0.0122438
0.0125169
0.0127449
0.0129909
0.013228
0.00873838
0.0125345
0.0134496
0.0136687
0.0138517
0.0140887
0.0142628
0.0145268
0.0148408
0.0152639
0.0154649
0.015738
0.0161491
0.0165601
0.0169132
0.0171442
0.0173642
0.0175952
0.0178682
0.0180152
0.0182323
0.018759
0.0189061
0.0191171
0.0194021
0.0196031
0.0198772
0.0201082
0.0203902
0.0205823
0.0207813
0.0209463
0.0211924
0.0214564
0.0217324
0.0224524
0.0227604
0.0229825
0.0232375
0.0235105
0.0236936
0.00480047
0.00496552
0.00513955
0.00560862
0.00588666
0.00644272
0.00658979
0.00722093
0.00743997
0.00799807
0.00815409
0.00840011
0.00862814
0.00879319
0.00905724
0.00944129
0.00993432
0.0102943
0.0105674
0.0107594
0.0109514
0.0110985
0.0113085
0.0114826
0.0123946
0.00985613
0.0103332
0.0104892
0.0106453
0.0117354
0.0120835
0.0123295
0.0125335
0.0127105
0.0131036
0.0133136
0.0134786
0.0136977
0.0139617
0.0141357
0.0143558
0.0146048
0.0148318
0.0151309
0.0153079
0.0154639
0.0156919
0.0159089
0.016173
0.017158
0.017305
0.0176711
0.0180171
0.0182931
0.0185302
0.0187132
0.0189683
0.0192963
0.0195813
0.0198094
0.0200104
0.0202834
0.0206615
0.021195
0.021351
0.022167
0.00283866
0.00343577
0.0049231
0.00558325
0.00614136
0.00631538
0.00651643
0.00673548
0.00689151
0.00763855
0.00783058
0.00797761
0.00814264
0.00847269
0.00870074
0.00897379
0.00920182
0.00944785
0.00964888
0.00992193
0.010123
0.010369
0.0106151
0.0111911
0.0118942
0.0059692
0.00687731
0.00749939
0.00827052
0.00881959
0.00902964
0.00926667
0.00948572
0.00972976
0.0100778
0.0103048
0.0104819
0.011316
0.011691
0.0118381
0.0120691
0.0126021
0.0127881
0.0141682
0.0143692
0.0146333
0.0148433
0.0150263
0.0152003
0.0155404
0.0158555
0.0160385
0.0163415
0.0166325
0.0169086
0.0170736
0.0174576
0.0176316
0.0178327
0.0181747
0.0184687
0.0187327
0.0191247
0.0197458
0.0199018
0.0201479
0.00452897
0.00471201
0.00507807
0.00541712
0.00578819
0.00611824
0.00628328
0.00664031
0.00718741
0.00733446
0.00748151
0.00790158
0.00825866
0.00845973
0.0092698
0.00944384
0.00967186
0.00995389
0.0101819
0.010392
0.01062
0.010785
0.0110311
0.0113131
0.0115231
0.00862842
0.00882946
0.00937853
0.0100477
0.0102937
0.0106237
0.0108068
0.0114608
0.0116739
0.0119109
0.0122139
0.012424
0.012844
0.013009
0.0132281
0.0135811
0.0138211
0.0140401
0.0142482
0.0144432
0.0149082
0.0156973
0.0158443
0.0161264
0.0163814
0.0166364
0.0168805
0.0171525
0.0175715
0.0177485
0.0179935
0.0182876
0.0185336
0.0187167
0.0189807
0.0192407
0.0193997
0.0197207
0.0198887
0.0201618
0.0207198
0.00109221
0.00385682
0.00422387
0.00474597
0.00560219
0.00600526
0.00639329
0.00655832
0.00672336
0.00712541
0.00805849
0.00830452
0.0086526
0.00902766
0.00936667
0.00975977
0.00998781
0.0101888
0.0104169
0.0106809
0.0108819
0.011581
0.011827
0.0120371
0.0122921
0.00833944
0.00915148
0.00965851
0.00981455
0.0102166
0.0103907
0.0107728
0.0112928
0.0114669
0.012082
0.012683
0.013013
0.0142261
0.0144181
0.0146551
0.0148112
0.0150212
0.0152043
0.0154593
0.0156243
0.0158794
0.0163814
0.0165464
0.0168014
0.0170604
0.0173455
0.0175825
0.0178085
0.0181465
0.0184046
0.0186866
0.0188876
0.0191427
0.0193347
0.0198838
0.0201968
0.0205188
0.0209898
0.0216868
0.0220289
0.0221879
0.00407387
0.00460499
0.00476102
0.00559519
0.00588926
0.00620136
0.0064294
0.00671144
0.00698447
0.0072575
0.00749453
0.00765956
0.0083796
0.00853565
0.00879971
0.00906375
0.00927377
0.0095558
0.00980185
0.0100749
0.0103389
0.010513
0.010723
0.010888
0.01108
0.0105404
0.0113265
0.0117025
0.0120056
0.0123986
0.0129297
0.0130767
0.0134698
0.0137068
0.0139438
0.0143259
0.0145
0.014647
0.0149021
0.0151841
0.0153761
0.0157021
0.0159421
0.0163532
0.0167282
0.0169653
0.0173053
0.0174913
0.0177513
0.0180093
0.0182643
0.0185404
0.0188734
0.0190864
0.0193324
0.0195155
0.0197165
0.0199086
0.0209456
0.0212246
0.0215176
0.0218196
0.0220777
0.0223327
0.0225048
0.0226698
0.00581808
0.00635817
0.00668821
0.00710827
0.00727332
0.00743834
0.00772039
0.00797544
0.00899654
0.00926959
0.00950663
0.00969866
0.00984569
0.0100557
0.0102748
0.0104668
0.0110639
0.0112109
0.011571
0.011736
0.011946
0.0120931
0.0123391
0.0126121
0.0127592
0.00838333
0.00923153
0.00945057
0.0106427
0.0111678
0.0116789
0.0119429
0.0121809
0.012604
0.01285
0.013051
0.0131981
0.0135911
0.0138102
0.0140652
0.0142602
0.0145142
0.0147332
0.0149793
0.0153523
0.0156163
0.0158173
0.0160093
0.0165404
0.0169204
0.0170795
0.0179845
0.0182035
0.0184406
0.0186236
0.0188157
0.0189987
0.0192447
0.0195088
0.0197728
0.0200778
0.0202789
0.0204759
0.0207479
0.0210129
0.0211869
0.00630522
0.00647925
0.00683635
0.00702838
0.00731042
0.00745745
0.00763148
0.00796151
0.00835457
0.00854663
0.00871171
0.00887676
0.0091138
0.00935984
0.0100299
0.0102669
0.01054
0.010822
0.011086
0.0113501
0.0115421
0.0116981
0.0119532
0.0122082
0.0123733
0.00874358
0.00979169
0.0100557
0.0104918
0.0106568
0.0110498
0.0116389
0.0119989
0.012182
0.0133021
0.0135301
0.0137402
0.0140042
0.0142592
0.0145052
0.0147692
0.0150723
0.0152734
0.0154474
0.0158935
0.0161425
0.0166585
0.0169526
0.0171356
0.0173846
0.0176666
0.0178977
0.0182007
0.0184047
0.0191577
0.0193498
0.0194968
0.0196709
0.0198899
0.0200819
0.020302
0.020596
0.020797
0.0209441
0.0211181
0.0213012
0.0076462
0.00780226
0.0080753
0.00825833
0.00844136
0.0086244
0.00887946
0.0091435
0.00938053
0.00952758
0.00971063
0.00988467
0.0100677
0.0102148
0.0103798
0.0106168
0.0107638
0.0109649
0.011157
0.011322
0.0114961
0.0117421
0.0120061
0.0122791
0.0124621
0.00593514
0.0100545
0.0106055
0.0109926
0.0111576
0.0113317
0.0115417
0.0119418
0.0123438
0.0124909
0.0126739
0.013313
0.013568
0.013958
0.014151
0.014325
0.0145081
0.0146821
0.0149901
0.0151941
0.0154402
0.0156142
0.0157973
0.0160413
0.0162423
0.0164974
0.0167434
0.0169944
0.0172884
0.0174805
0.0177625
0.0179635
0.0188765
0.0190596
0.0195007
0.0197137
0.0199867
0.0202328
0.0204248
0.0206448
0.0212238
0.00418294
0.00637814
0.00654317
0.00693621
0.00720025
0.0074733
0.00763835
0.00778537
0.00798138
0.00837445
0.0086385
0.00888456
0.0091576
0.00934064
0.00955969
0.00980573
0.0100608
0.0102168
0.0104899
0.0106639
0.010946
0.011192
0.01142
0.0121461
0.0123561
0.00899039
0.00985349
0.0102195
0.0104926
0.0110416
0.0112697
0.0115068
0.0120199
0.0122119
0.0124129
0.012585
0.012978
0.013405
0.013642
0.0139391
0.0152041
0.0156971
0.0158892
0.0169192
0.0171473
0.0173123
0.0176873
0.0179724
0.0182484
0.0184854
0.0186684
0.0189055
0.0190525
0.0192535
0.0194275
0.0196106
0.0198806
0.0201116
0.0203756
0.0206037
0.0208077
0.0210747
0.0213717
0.0217127
0.0219947
0.0226228
0.00480704
0.00499007
0.00541015
0.00591425
0.00645227
0.00681029
0.00708332
0.00726637
0.00750343
0.00767747
0.00790552
0.00812459
0.00839765
0.00866168
0.0088267
0.00900073
0.00914779
0.00932184
0.00947787
0.00966092
0.010324
0.010588
0.010852
0.0118991
0.0129371
0.00226063
0.00930447
0.0103206
0.0104677
0.0108517
0.0110168
0.0112628
0.0115749
0.012097
0.012608
0.012845
0.0130731
0.0133371
0.0135562
0.0137932
0.0139852
0.0151913
0.0154103
0.0156203
0.0160734
0.0163834
0.0166194
0.0169464
0.0174494
0.0176085
0.0178235
0.0180995
0.0183455
0.0185405
0.0188696
0.0191936
0.0193526
0.0195266
0.0197997
0.0200517
0.0202827
0.0205197
0.0207388
0.0209308
0.0215219
0.0217859
0.0051391
0.00532213
0.00556816
0.00631427
0.00646129
0.00660831
0.00725437
0.0075094
0.00782147
0.00819652
0.00886058
0.00911564
0.0093077
0.00958976
0.00975481
0.0100369
0.0102649
0.0104479
0.0106489
0.010922
0.011204
0.0114861
0.0117321
0.0125992
0.0132143
0.0108907
0.0112507
0.0114957
0.0116548
0.0122128
0.0123689
0.0127079
0.0128639
0.013147
0.013414
0.013678
0.0140981
0.0142541
0.0145341
0.0147351
0.0149542
0.0153022
0.0155843
0.0157853
0.0160134
0.0161694
0.0165024
0.0167965
0.0170425
0.0173065
0.0175706
0.0177177
0.0179547
0.0182717
0.0185207
0.0188647
0.0190757
0.0192587
0.0194868
0.0203958
0.0205608
0.0207889
0.0209629
0.0212179
0.0214439
0.0215909
0.0044129
0.00523402
0.0055471
0.00620721
0.00641726
0.00658231
0.00701236
0.00716839
0.00760743
0.00782647
0.00838455
0.00863959
0.00937064
0.0095627
0.00972774
0.0101278
0.0102748
0.0104758
0.0106229
0.0108509
0.0110159
0.0112979
0.011691
0.012444
0.0127081
0.00958654
0.00997059
0.0101266
0.0103416
0.0114797
0.0118998
0.0121008
0.0122658
0.0126769
0.0129319
0.013079
0.0132891
0.0134721
0.0137451
0.0139642
0.0141382
0.0143572
0.0145833
0.0148293
0.0153343
0.0155383
0.0157303
0.0162284
0.0169614
0.0174535
0.0176215
0.0178135
0.0180776
0.0183236
0.0185606
0.0188157
0.0190707
0.0193167
0.0197017
0.0199328
0.0202788
0.0205008
0.0207288
0.0209298
0.0211579
0.0219699
0.00383488
0.00589215
0.00627721
0.00651426
0.00684429
0.00709031
0.00735434
0.00772039
0.00851347
0.00869652
0.00888857
0.00927266
0.00950072
0.00965676
0.00984882
0.0100859
0.0105519
0.0108669
0.011041
0.011314
0.0114611
0.0117161
0.0119621
0.0121452
0.0123822
0.0111117
0.0113037
0.0115587
0.0117958
0.0120148
0.0125729
0.0129659
0.013323
0.013506
0.0138811
0.0140911
0.0142472
0.0144392
0.0145953
0.0148053
0.0149883
0.0152073
0.0157104
0.0160574
0.0163244
0.0165705
0.0167805
0.0169995
0.0171646
0.0174376
0.0177886
0.0181477
0.0184697
0.0186647
0.0189267
0.0191547
0.0193767
0.0196058
0.0199728
0.0207008
0.0208798
0.0210478
0.0212759
0.0214679
0.0216419
0.021807
0.00171031
0.00533191
0.00651815
0.00693821
0.00720226
0.00735831
0.00754133
0.00770636
0.00788039
0.00828244
0.00869446
0.0089135
0.0093136
0.00956864
0.0100077
0.0103587
0.0105688
0.0107429
0.0109709
0.011391
0.011775
0.0119941
0.0126031
0.0128402
0.0135453
0.00900673
0.00966777
0.0101919
0.0105769
0.010997
0.0114671
0.0120261
0.0122631
0.0124192
0.0128212
0.0130133
0.0131603
0.0133523
0.0136464
0.0138394
0.0142314
0.0144354
0.0147234
0.0149234
0.0151504
0.0153905
0.0156095
0.0158015
0.0162296
0.0169746
0.0171307
0.0173047
0.0186178
0.0188188
0.0190918
0.0193799
0.0197839
0.0201629
0.0203579
0.0205499
0.0207609
0.020974
0.021202
0.0213491
0.0214961
0.0221261
0.00511012
0.00610635
0.00638838
0.00657141
0.00677247
0.00695553
0.00735757
0.00751359
0.00792463
0.00808965
0.00824568
0.00844671
0.0088308
0.00905885
0.00924189
0.00949692
0.00975196
0.010456
0.0106121
0.0108491
0.0110231
0.0111792
0.0113712
0.0116353
0.0118183
0.00251686
0.00880461
0.00895166
0.0091347
0.00964775
0.0100318
0.0102149
0.0105719
0.010737
0.0113751
0.0115791
0.0127412
0.0129582
0.0131503
0.0135413
0.0137063
0.0138713
0.0140364
0.0142015
0.0147085
0.0154165
0.0156716
0.0160016
0.0162936
0.0165526
0.0168197
0.0170657
0.0172217
0.0175547
0.0177317
0.0178878
0.0181098
0.0183678
0.0186199
0.0188449
0.0190939
0.0193129
0.019549
0.020128
0.0209231
0.0217181
0.00304387
0.00368604
0.00432819
0.00493925
0.00530528
0.00567135
0.00583639
0.00598343
0.00643355
0.00684462
0.00702765
0.00771167
0.00799371
0.00814975
0.00830579
0.00857882
0.00881585
0.00901687
0.0092809
0.00945494
0.00962
0.00981204
0.00996808
0.0107992
0.0116122
0.00689126
0.00719433
0.00834342
0.00884547
0.00972755
0.0101006
0.0103616
0.0109137
0.0111327
0.0113698
0.0119189
0.0120929
0.012432
0.012807
0.013102
0.0135281
0.0137051
0.0140622
0.0143172
0.0145722
0.0152073
0.0166093
0.0169713
0.0172463
0.0174054
0.0178164
0.0180174
0.0182184
0.0184555
0.0187105
0.0189655
0.0191305
0.0193676
0.0196106
0.0198716
0.0201206
0.0202767
0.0204867
0.0207327
0.0209608
0.0216268
0.00659798
0.00715902
0.00730606
0.00745309
0.00786415
0.00808319
0.00832922
0.00853024
0.00906834
0.00924237
0.0094524
0.00959942
0.00980045
0.0100555
0.0102656
0.0104846
0.0106586
0.0108506
0.0111147
0.0112618
0.0114268
0.0116459
0.0122549
0.012474
0.01272
0.000947127
0.00834443
0.00907053
0.00939156
0.0100607
0.0103197
0.0106857
0.0115978
0.0118348
0.0124999
0.0126919
0.013437
0.013593
0.013776
0.0139321
0.0141561
0.0143511
0.0146722
0.0149002
0.0150833
0.0154253
0.0156383
0.0159413
0.0161544
0.0163914
0.0166284
0.0170674
0.0172595
0.0175965
0.0178845
0.0181505
0.0184075
0.0186746
0.0189786
0.0196536
0.0198547
0.0200287
0.0204127
0.0206318
0.0212438
0.0240008
0.00781918
0.00801122
0.00883626
0.00955901
0.00978706
0.0100241
0.0103061
0.0105702
0.0107712
0.0110533
0.0112183
0.0114913
0.0120174
0.0121644
0.0124195
0.0126295
0.0128935
0.0131396
0.0133496
0.0135687
0.0138057
0.0140247
0.0142977
0.0145528
0.0147809
0.0133022
0.0139733
0.0153325
0.0157525
0.0163646
0.0165116
0.0168777
0.0172978
0.0175618
0.0177538
0.0180269
0.0183239
0.0185079
0.0186909
0.018838
0.019102
0.019475
0.0196491
0.0198681
0.0201561
0.0204322
0.0206962
0.0209152
0.0211252
0.0214073
0.0215543
0.0217463
0.0220513
0.0233154
0.0234744
0.0237184
0.0238834
0.0241294
0.0243395
0.0247175
0.0249565
0.0252056
0.0255406
0.0256996
0.0258916
0.0261017
0.000651749
0.00403345
0.00747383
0.00814995
0.00831496
0.008516
0.00902513
0.00920817
0.00951121
0.00965824
0.00984127
0.0100063
0.0103724
0.0105824
0.0108465
0.0110745
0.0112666
0.0114766
0.012004
0.0125571
0.0127851
0.0129502
0.0131332
0.0132983
0.0135533
0.00998064
0.0103377
0.0109118
0.0110838
0.0114508
0.0116728
0.0118879
0.0121729
0.0123289
0.0124849
0.013049
0.013303
0.0141251
0.0142811
0.0145091
0.0147192
0.0150652
0.0152972
0.0155372
0.0158193
0.0160203
0.0162393
0.0164944
0.0167674
0.0170304
0.0174535
0.0176635
0.0178466
0.0180476
0.0181946
0.0184587
0.0186327
0.0189058
0.0191878
0.0194698
0.0196959
0.0198429
0.019999
0.020236
0.020509
0.0211481
0.00446801
0.00499915
0.00563422
0.00630633
0.00657038
0.00692744
0.00707448
0.00745856
0.00766858
0.00793261
0.00817866
0.00844269
0.00861672
0.00878175
0.00941577
0.00964381
0.00982687
0.0100369
0.010229
0.010502
0.010694
0.0109671
0.0111681
0.0113781
0.0116062
0.00921336
0.0096064
0.0104925
0.0106756
0.0110956
0.0112967
0.0115517
0.0117977
0.0120708
0.0122968
0.0125518
0.0129448
0.0131189
0.0134399
0.0136299
0.013885
0.014131
0.0144041
0.0146411
0.0148061
0.0151682
0.0154082
0.0156632
0.0158283
0.0159843
0.0162123
0.0164454
0.0167184
0.0169914
0.0172374
0.0175104
0.0177215
0.0179795
0.0183415
0.0186425
0.0196285
0.0198206
0.0199676
0.0201146
0.0204926
0.0208057
0.00635876
0.00677884
0.00697089
0.00714492
0.00738195
0.00755598
0.00782904
0.00862213
0.00877817
0.00892523
0.00916228
0.00933631
0.00961836
0.00981941
0.00997544
0.0101945
0.0104315
0.0106955
0.0109686
0.0111516
0.0118326
0.0120877
0.0122617
0.0125167
0.0137348
0.00944449
0.00970851
0.00990054
0.0100476
0.0104676
0.0109157
0.0110747
0.0113867
0.0116427
0.0118168
0.0120178
0.0121648
0.0123479
0.0125759
0.012723
0.012915
0.013197
0.0134071
0.0137532
0.0140352
0.0141913
0.0144763
0.0148993
0.0151004
0.0153824
0.0155564
0.0157805
0.0159915
0.0162375
0.0164735
0.0176905
0.0179386
0.0181336
0.0182806
0.0185446
0.0188746
0.0190967
0.0192797
0.0194357
0.0196998
0.0198558
0.00477175
0.00492778
0.00544986
0.00575291
0.00596294
0.00621798
0.00642802
0.00680108
0.00697511
0.00714915
0.00756022
0.0080913
0.00835536
0.00855641
0.00874845
0.00894952
0.00912359
0.00932464
0.0100397
0.0102497
0.0104957
0.0107598
0.0109698
0.0111349
0.0113359
0.0112766
0.0115316
0.0120626
0.0122097
0.0124197
0.0126387
0.0131768
0.0134589
0.0136239
0.0138519
0.014026
0.014281
0.0147471
0.0155861
0.0158502
0.0162642
0.0167672
0.0171543
0.0173373
0.0176043
0.0177634
0.0180504
0.0182095
0.0183565
0.0186025
0.0189126
0.0191346
0.0193246
0.0195716
0.0198116
0.0200216
0.0202857
0.0205227
0.0206697
0.0209337
0.0211787
0.0215527
0.0217208
0.0224208
0.0226409
0.0229349
0.00555096
0.005918
0.00617302
0.00640104
0.00654809
0.00671314
0.00695018
0.00738632
0.00765937
0.00781543
0.00835348
0.00857252
0.00905656
0.00923058
0.0095036
0.00965063
0.00981568
0.0104497
0.0106238
0.0109058
0.0111068
0.0112899
0.0115179
0.0117189
0.015781
0.00879843
0.00909544
0.00964748
0.0101225
0.0102905
0.0106026
0.0109957
0.0113977
0.0115537
0.0118568
0.0120308
0.0125319
0.0127059
0.0131169
0.013617
0.013832
0.0144781
0.0149021
0.0151871
0.0153882
0.0157542
0.0160362
0.0163583
0.0166664
0.0168344
0.0170264
0.0174375
0.0176025
0.0178755
0.0181275
0.0184155
0.0186466
0.0189196
0.0191026
0.0194286
0.0195876
0.0198247
0.0205477
0.0207337
0.0209437
0.0233858
0.00513277
0.00567287
0.00653805
0.00668509
0.00693112
0.00718616
0.00738722
0.00762426
0.00778029
0.00804433
0.00829036
0.00846438
0.00862042
0.00881245
0.00972254
0.0100976
0.0103707
0.0105807
0.0107817
0.0110548
0.0112108
0.0113578
0.0115049
0.0121259
0.0127859
0.00701515
0.0080043
0.00883842
0.00901245
0.00924048
0.00973151
0.0102656
0.0104847
0.0110157
0.0122198
0.0124619
0.0126749
0.0128849
0.0131769
0.013444
0.01441
0.0148111
0.0150331
0.0151892
0.0153722
0.0156332
0.0158282
0.0160293
0.0163463
0.0167063
0.0168534
0.0170274
0.0173004
0.0175585
0.0178525
0.0180535
0.0183355
0.0185816
0.0187826
0.0189476
0.0191126
0.0193317
0.0195327
0.0198467
0.0205697
0.0207468
0.00538486
0.0055859
0.00578692
0.00593395
0.006099
0.00634504
0.00651006
0.00691212
0.00743422
0.00768027
0.00793531
0.00809134
0.00824737
0.00849342
0.00864045
0.00891348
0.00915051
0.00977755
0.0099696
0.0101437
0.0103357
0.0105638
0.0108458
0.0110649
0.0112209
0.0102826
0.0110437
0.0114278
0.0118458
0.0120378
0.0121939
0.0123949
0.0125869
0.0127339
0.013109
0.013274
0.013676
0.013857
0.0141121
0.0143041
0.0146411
0.0149352
0.0152562
0.0155753
0.0157523
0.0160343
0.0164454
0.0166734
0.0169015
0.0171565
0.0182315
0.0184236
0.0186686
0.0197146
0.0199186
0.0201376
0.0203757
0.0205887
0.0207677
0.0209838
0.0211788
0.0215118
0.0217068
0.0219688
0.0221519
0.0247289
0.00707705
0.00726909
0.00748813
0.0079222
0.00806923
0.00821627
0.0083993
0.00866334
0.00892739
0.00912845
0.0093655
0.00956655
0.00980358
0.0100496
0.0103316
0.0105867
0.0108507
0.0110517
0.0112798
0.0115078
0.0116639
0.0118559
0.0120929
0.012348
0.01296
0.00889945
0.00913047
0.00928949
0.00976452
0.0101786
0.0105447
0.0107487
0.0109077
0.0115408
0.0118149
0.0124189
0.012575
0.012803
0.013169
0.0133161
0.0135891
0.0139261
0.0142021
0.0144572
0.0146312
0.0149042
0.0152282
0.0155113
0.0157753
0.0159223
0.0161504
0.0163874
0.0165795
0.0169815
0.0172545
0.0174466
0.0187246
0.0189616
0.0191717
0.0194177
0.0195917
0.0198467
0.0201017
0.0203027
0.0204678
0.0206398
0.00574286
0.00591689
0.00606391
0.006446
0.00706808
0.00723313
0.00738019
0.00780024
0.00806428
0.00828333
0.00852038
0.00867641
0.00885946
0.00908752
0.00928857
0.0095076
0.00977163
0.0100357
0.0102637
0.0104917
0.0107108
0.0109298
0.0116738
0.0119289
0.0121749
0.00934933
0.0096224
0.00984944
0.0100895
0.0104195
0.0106205
0.0109146
0.0110706
0.0113167
0.0115457
0.0123007
0.0125197
0.0126757
0.0129338
0.0133388
0.0135968
0.0137739
0.0140469
0.0142029
0.0143859
0.014569
0.014935
0.0152081
0.0155471
0.0157101
0.0159021
0.0160582
0.0162412
0.0164512
0.0175843
0.0180163
0.0182264
0.0184994
0.0187365
0.0189285
0.0192135
0.0193725
0.0195946
0.0204706
0.0206807
0.0209627
0.00673877
0.00711383
0.00750692
0.00781902
0.00799307
0.00820311
0.00844914
0.00859618
0.00875225
0.00902531
0.00929835
0.00958039
0.0100004
0.0102555
0.0106485
0.0108225
0.0110865
0.0113686
0.0115696
0.0122127
0.0124497
0.0127047
0.0128697
0.0130888
0.0132538
0.00807819
0.00857623
0.0101095
0.0104755
0.0107786
0.0113486
0.0115226
0.0118437
0.0120808
0.0122368
0.0126569
0.0130309
0.0132079
0.013454
0.01369
0.013903
0.014086
0.014341
0.014578
0.0147611
0.0150721
0.0153481
0.0155942
0.0158672
0.0160773
0.0164553
0.0173573
0.0176353
0.0178483
0.0180113
0.0182564
0.0185504
0.0188054
0.0189614
0.0191895
0.0194625
0.0197176
0.0199096
0.0201556
0.0204587
0.0206717
0.00511873
0.00568281
0.00622489
0.00657594
0.006768
0.00698705
0.00734412
0.00759015
0.00779121
0.00796528
0.00817535
0.00837641
0.00867046
0.00889849
0.00909952
0.00935455
0.00959157
0.00977459
0.0101706
0.0103536
0.0106687
0.0108787
0.0111517
0.0113438
0.0115358
0.00917936
0.0095194
0.0100594
0.0102335
0.0105545
0.0110856
0.0120798
0.0123739
0.0125299
0.0127579
0.012914
0.013151
0.013424
0.013643
0.0138981
0.0141171
0.0143451
0.0146182
0.0148192
0.0149933
0.0152753
0.0156373
0.0159223
0.0161954
0.0164594
0.0166514
0.0168164
0.0170595
0.0173025
0.0175045
0.0187725
0.0190546
0.0193376
0.0195146
0.0197156
0.0200417
0.0203177
0.0205467
0.0208227
0.0210058
0.0212458
0.00580798
0.006063
0.00692004
0.00710307
0.00728609
0.00768816
0.0078352
0.00802726
0.0082553
0.00859434
0.00880437
0.00895142
0.00937148
0.00962652
0.00980057
0.0101846
0.0103857
0.0105597
0.0107158
0.0109528
0.0115959
0.0118329
0.012088
0.01228
0.012508
0.0109205
0.0111575
0.0115555
0.0117506
0.0123717
0.0125187
0.0127197
0.0131308
0.0133588
0.0135419
0.0137589
0.0142019
0.0144299
0.014604
0.01485
0.015033
0.015216
0.0157811
0.0161562
0.0164352
0.0166122
0.0169002
0.0172522
0.0175193
0.0179213
0.0181404
0.0186444
0.0188794
0.0192275
0.0200345
0.0201995
0.0203916
0.0206556
0.0208386
0.0211326
0.0213997
0.0215737
0.0218588
0.0221258
0.0230828
0.0252009
0.00607598
0.00634901
0.0066881
0.00690713
0.00709916
0.00749219
0.00770222
0.00797527
0.00855832
0.00875938
0.00903243
0.00938951
0.00964456
0.0099086
0.0100826
0.0107527
0.0109987
0.0112808
0.0115448
0.0117008
0.0119559
0.0121749
0.012385
0.012541
0.012814
0.00731416
0.00880432
0.00895137
0.00911642
0.00953651
0.00995658
0.0102206
0.0107517
0.0109617
0.0112918
0.0117959
0.0120419
0.0122939
0.0124849
0.0127069
0.012854
0.013216
0.01351
0.013729
0.0139751
0.0141651
0.0143121
0.0145831
0.0148201
0.0151422
0.0156632
0.0161673
0.0164403
0.0166143
0.0168333
0.0170344
0.0172444
0.0175074
0.0177294
0.0179215
0.0182515
0.0184915
0.0186385
0.0188666
0.0190406
0.0192147
0.00244229
0.00596681
0.00612287
0.00648892
0.00679195
0.00714002
0.00740407
0.00756013
0.0079802
0.00812724
0.00832828
0.00861032
0.00875737
0.00894941
0.00910544
0.0092525
0.00944456
0.00961859
0.0101796
0.0109687
0.0112057
0.0113797
0.0115717
0.0117278
0.0119018
0.0133777
0.0136057
0.0137618
0.0140258
0.0142809
0.0144819
0.0147459
0.014956
0.015139
0.015412
0.01575
0.0161821
0.0164281
0.0166021
0.0169692
0.0171642
0.0173292
0.0175933
0.0178123
0.0180044
0.0182234
0.0185444
0.0188204
0.0189674
0.0192025
0.0194125
0.0196405
0.0197966
0.0200786
0.0202526
0.0206216
0.0210026
0.0212967
0.0215427
0.0218157
0.0220148
0.0222878
0.0225138
0.0227418
0.0230279
0.0235939
0.00436384
0.00611608
0.00628114
0.00652718
0.00669223
0.00706533
0.00727537
0.00746742
0.00767747
0.00787851
0.00804354
0.00832558
0.00860761
0.00884463
0.00906366
0.00928271
0.00943873
0.00970275
0.00992177
0.0101768
0.0103238
0.0104799
0.0106359
0.010864
0.01144
0.0103233
0.0114615
0.0118456
0.0122297
0.0126497
0.0128147
0.0129977
0.0132557
0.0134148
0.0137318
0.0139718
0.0141998
0.0146019
0.0148659
0.015045
0.015307
0.015463
0.015646
0.015857
0.0160681
0.0162601
0.0164881
0.0171492
0.0174572
0.0177422
0.0179883
0.0182163
0.0184364
0.0186044
0.0188354
0.0190754
0.0199634
0.0201375
0.0202936
0.0205036
0.0207856
0.0210047
0.0212687
0.0215947
0.0217537
0.0232328
0.00320149
0.00350456
0.00411771
0.0046018
0.00497785
0.00528094
0.0063712
0.00714627
0.0073203
0.00757532
0.00782134
0.00805837
0.0082594
0.00865244
0.00881748
0.00907252
0.00935456
0.00960058
0.0098826
0.0101376
0.0103477
0.0105307
0.0108038
0.0115679
0.0120539
0.00961341
0.00990844
0.0101665
0.0103945
0.0105776
0.0111496
0.0115157
0.0118277
0.0122298
0.0123768
0.0126498
0.0128958
0.0133809
0.013786
0.014003
0.014267
0.0144141
0.0148151
0.0151932
0.0153582
0.0157512
0.0161442
0.0162913
0.0164383
0.0167353
0.0169663
0.0172034
0.0174764
0.0176414
0.0177974
0.0180595
0.0182875
0.0199565
0.0201666
0.0204036
0.0205776
0.0207787
0.0210517
0.0213227
0.0215907
0.0217947
0.00166004
0.00491665
0.00565584
0.00609194
0.00646701
0.00667703
0.00704411
0.00740817
0.00757319
0.00772024
0.00793929
0.00812232
0.00882636
0.00922846
0.00950152
0.00970254
0.00987656
0.0101046
0.0103146
0.0105426
0.0107347
0.0110168
0.0112898
0.0118209
0.0130389
0.00834559
0.012473
0.013066
0.0138241
0.0142171
0.0143912
0.0146102
0.0148473
0.0150213
0.0152763
0.0155494
0.0158304
0.0160164
0.0162275
0.0164405
0.0167225
0.0168695
0.0173106
0.0174876
0.0177606
0.0180157
0.0181627
0.0183548
0.0185768
0.0188168
0.0189729
0.0192009
0.0195039
0.0198009
0.0199919
0.020187
0.020388
0.020598
0.0209081
0.0212281
0.0214951
0.0217411
0.0219421
0.0222131
0.0229122
0.0230952
0.00340796
0.00529924
0.00595738
0.0062034
0.00643143
0.00658748
0.00698054
0.00735656
0.00753959
0.00779465
0.0079417
0.00816073
0.00839776
0.00865279
0.00880882
0.00948986
0.0096459
0.00981095
0.009976
0.010177
0.0103241
0.0105881
0.0107892
0.0109902
0.0125413
0.00685451
0.0095047
0.0100458
0.0108748
0.0115449
0.011701
0.012176
0.012519
0.012714
0.0134742
0.0138042
0.0140503
0.0142243
0.0144873
0.0146914
0.0149644
0.0152564
0.0155315
0.0159615
0.0161895
0.0166735
0.0172026
0.0176146
0.0181176
0.0184926
0.0187117
0.0190787
0.0194957
0.0196907
0.0199098
0.0201468
0.0203298
0.0205219
0.0207859
0.021014
0.021362
0.0216251
0.0222821
0.0225281
0.0226751
0.0236772
0.00624926
0.0064953
0.00664234
0.00703541
0.00722745
0.00756648
0.00782151
0.00822362
0.00879865
0.0090087
0.00918275
0.00967379
0.00994682
0.0102018
0.0103849
0.0105409
0.010751
0.010943
0.011207
0.0114621
0.0116542
0.0118552
0.0121102
0.0123923
0.0146454
0.00743048
0.00997887
0.0103719
0.010537
0.010774
0.01108
0.011374
0.0117131
0.0119771
0.0122322
0.0124872
0.0126432
0.0129072
0.0130543
0.0132743
0.0135593
0.0137334
0.0140144
0.0141734
0.0145665
0.0148035
0.0150256
0.0152566
0.0154926
0.0164946
0.0166597
0.0169117
0.0171697
0.0174517
0.0177248
0.0178808
0.0181269
0.0183529
0.0186259
0.018827
0.01901
0.019274
0.019466
0.019783
0.019958
0.0201231
0.00527613
0.00558819
0.00615324
0.00653028
0.00710035
0.00726541
0.00746647
0.00779656
0.00833663
0.00854665
0.00872967
0.00888569
0.00908672
0.00926977
0.00944382
0.0100418
0.0103149
0.0105429
0.010798
0.011008
0.01129
0.0115271
0.0118091
0.0120371
0.0122652
0.0140856
0.0148106
0.0152037
0.0156137
0.0158177
0.0162787
0.0164798
0.0166448
0.0168998
0.0172348
0.0175388
0.0177609
0.0179579
0.0181349
0.018282
0.018552
0.0187201
0.0189931
0.0191671
0.0193592
0.0197122
0.0199162
0.0202103
0.0204773
0.0206423
0.0209064
0.0211524
0.0213804
0.0215904
0.0220095
0.0224245
0.0226615
0.0228805
0.0231266
0.0233366
0.0235736
0.0238277
0.0240587
0.0242327
0.0245217
0.0260548
0.00331545
0.00493572
0.0057259
0.00628402
0.0066321
0.00691414
0.00707018
0.00725321
0.00753523
0.00772725
0.00800028
0.00815631
0.00899934
0.00915538
0.00941941
0.00967444
0.00987549
0.0101035
0.0102506
0.0104696
0.0106257
0.0109077
0.0110548
0.0120119
0.012987
0.0101374
0.0103024
0.0109135
0.0116126
0.0119607
0.0122637
0.0124558
0.0126208
0.0131319
0.0133239
0.013498
0.013882
0.014074
0.0145871
0.0147821
0.0150131
0.0152142
0.0154342
0.0156832
0.0159562
0.0162983
0.0165203
0.0167303
0.0170833
0.0182504
0.0184964
0.0187335
0.0189755
0.0192515
0.0195245
0.0197885
0.0199806
0.0202706
0.0205466
0.0207746
0.0209847
0.0212487
0.0215127
0.0216917
0.0220458
0.0223038
0.00629592
0.00657798
0.00691707
0.00709111
0.00727415
0.00768521
0.00791325
0.00815028
0.00835129
0.00856132
0.00874435
0.00936938
0.00958841
0.00974445
0.00999948
0.0102095
0.0104466
0.0106476
0.0108577
0.0111037
0.0113407
0.0115328
0.0117788
0.0119529
0.0121179
0.00719513
0.00752518
0.0104605
0.0111366
0.0113467
0.0115567
0.0119317
0.0126928
0.0129908
0.0133959
0.0136689
0.0140529
0.0144189
0.014812
0.0149951
0.0151511
0.0153522
0.0157622
0.0159572
0.0161583
0.0171953
0.0174323
0.0176694
0.0178344
0.0180985
0.0183085
0.0184555
0.0187106
0.0189296
0.0192626
0.0195256
0.0197566
0.0199757
0.0203087
0.0205197
0.0206847
0.0209398
0.0211588
0.0214408
0.0217938
0.0234379
0.00149116
0.00603896
0.00638499
0.00676906
0.00693411
0.00733417
0.00841226
0.00859531
0.00879637
0.00897041
0.0093185
0.00946553
0.00974759
0.00998464
0.0103327
0.0105068
0.0107438
0.0112968
0.0115518
0.0118159
0.0120439
0.0123079
0.012518
0.012701
0.0128571
0.00750035
0.00851844
0.00869249
0.00899556
0.00949067
0.0100037
0.0101507
0.0106818
0.0108468
0.0113689
0.0119149
0.012161
0.012335
0.0125
0.0126651
0.0131381
0.0133511
0.0136491
0.0138141
0.0140782
0.0142702
0.015607
0.0157971
0.0160081
0.0163591
0.0165602
0.0169132
0.0171262
0.0173633
0.0176093
0.0178014
0.0182284
0.0183844
0.0185765
0.0187505
0.0190585
0.0193255
0.0196495
0.0198805
0.0206745
0.0208576
0.00552659
0.00577263
0.00591966
0.0062017
0.00643876
0.00665782
0.00705092
0.00729695
0.00750697
0.00768101
0.00794503
0.00817306
0.00832012
0.00856616
0.00882118
0.0090222
0.00962025
0.00978531
0.0100584
0.0102954
0.0104965
0.0107155
0.0109255
0.0111085
0.0113366
0.00774978
0.00850195
0.00882302
0.00968307
0.0100941
0.0105982
0.0111293
0.0113403
0.0116253
0.0118983
0.0120544
0.0125364
0.0127314
0.0129954
0.0131785
0.0134525
0.0136475
0.0139146
0.0141936
0.0144156
0.0146616
0.0152146
0.0157657
0.0160207
0.0162847
0.0164678
0.0166418
0.01755
0.017713
0.0179771
0.0182501
0.0186101
0.0188682
0.0190332
0.0192702
0.0194983
0.0196953
0.0198813
0.0201633
0.0203964
0.0224255
0.00427933
0.00548763
0.00600077
0.00614781
0.00631286
0.00662492
0.00680796
0.00707199
0.00731801
0.00751903
0.00770205
0.00789408
0.00812211
0.00837715
0.00865917
0.00941721
0.00957325
0.00977428
0.0101494
0.0104314
0.0106685
0.0109986
0.0111996
0.0117097
0.0118837
0.00947715
0.00975018
0.00995621
0.0103883
0.0108003
0.0109564
0.0111354
0.0117715
0.0124116
0.0129866
0.0134007
0.0136497
0.0140368
0.0143718
0.0145848
0.0148488
0.0150318
0.0152488
0.0154858
0.0157169
0.0158939
0.0160409
0.016188
0.016434
0.0166351
0.0178852
0.0180503
0.0182963
0.0185603
0.0187883
0.0190104
0.019586
0.0197601
0.0200111
0.0202481
0.0206871
0.0208882
0.0211612
0.0213172
0.0215092
0.0258683
0.00612545
0.0063715
0.00663556
0.0068366
0.00702863
0.00718466
0.0073767
0.00758675
0.00782381
0.00797085
0.0082529
0.00850795
0.00876298
0.00898201
0.00923705
0.0094921
0.00967513
0.00988516
0.0100412
0.0102422
0.0104432
0.0106623
0.0108363
0.0111004
0.0127594
0.00969695
0.0102741
0.0106941
0.0111142
0.0125732
0.0129213
0.0131944
0.0134584
0.0137044
0.0139685
0.0142415
0.0145125
0.0148335
0.0151275
0.0156136
0.0160366
0.0162557
0.0165377
0.0167027
0.0168858
0.0170508
0.0173398
0.0175408
0.0177959
0.0180699
0.0183089
0.0185219
0.0187409
0.0190109
0.0193049
0.019586
0.019763
0.0201
0.0202681
0.0204961
0.0206432
0.0208902
0.0211032
0.0213043
0.0215863
0.0221673
0.00432824
0.00452929
0.00470331
0.00549946
0.00580256
0.00594962
0.00610568
0.00641778
0.00669983
0.00688286
0.00715589
0.00752192
0.00768695
0.00792398
0.00901007
0.00915713
0.00941216
0.0096762
0.00990424
0.0101053
0.0103423
0.0105343
0.0107714
0.0109994
0.0112184
0.00616145
0.00735766
0.0075227
0.00876193
0.00918199
0.00947608
0.00974013
0.00996818
0.0101332
0.0103883
0.0105713
0.0108573
0.0110654
0.0112214
0.0114344
0.0115934
0.0117854
0.0122135
0.0123725
0.0127935
0.0139986
0.0142926
0.0144576
0.0146677
0.0148867
0.0150697
0.0153817
0.0155588
0.0161048
0.0163328
0.0166338
0.0168379
0.0171109
0.0173939
0.0176839
0.017969
0.018134
0.0183441
0.0191841
0.0227331
0.025871
0.00578726
0.0059523
0.00616233
0.00668037
0.00686342
0.00701947
0.0072745
0.00754754
0.00773059
0.00794965
0.00818669
0.00844171
0.00869674
0.00931979
0.00959283
0.00973987
0.0099049
0.0101059
0.010334
0.010517
0.010772
0.010919
0.0111561
0.0113301
0.0115942
0.00821137
0.00930641
0.00980852
0.0101026
0.0102856
0.0107897
0.0110797
0.0115397
0.0120978
0.0125089
0.012866
0.013049
0.0133971
0.0135802
0.0138262
0.0142722
0.0151233
0.0158853
0.0161523
0.0163533
0.0166264
0.0169304
0.0171524
0.0175054
0.0177544
0.0179735
0.0182225
0.0184985
0.0186905
0.0188915
0.0192265
0.0194666
0.0197306
0.0199497
0.0200967
0.0203157
0.0205077
0.0208318
0.0210268
0.0212848
0.0215429
0.00540992
0.00621999
0.00642102
0.00663104
0.00678706
0.00710813
0.00729116
0.00770925
0.00789231
0.00803935
0.00821339
0.00838742
0.00877145
0.00897249
0.00922755
0.0094646
0.00963865
0.0098667
0.0100948
0.0102598
0.0104158
0.0105629
0.0112709
0.011463
0.011619
0.0107675
0.0109776
0.0111966
0.0115897
0.0117907
0.0121658
0.0123218
0.0126429
0.0129119
0.0130589
0.013251
0.01355
0.014158
0.014359
0.0147791
0.0150161
0.0154001
0.0156822
0.0159012
0.0161473
0.0164253
0.0166473
0.0169393
0.0172224
0.0175414
0.0177004
0.0188104
0.0190534
0.0192935
0.0195215
0.0198036
0.0200676
0.0202147
0.0203617
0.0206317
0.0208627
0.0210637
0.0212908
0.0215758
0.0218218
0.0220408
0.00181542
0.00462096
0.00494204
0.00590628
0.00631737
0.00670145
0.00698347
0.00715749
0.00755055
0.00785361
0.00824667
0.00848368
0.00926672
0.00948579
0.00969585
0.00990588
0.0100709
0.010281
0.010518
0.0106651
0.0109471
0.0111841
0.0113942
0.0116582
0.0119402
0.00700526
0.0102866
0.0109877
0.0111437
0.0113537
0.0115368
0.0117468
0.0119569
0.0121129
0.0122959
0.012753
0.013164
0.0133291
0.0136022
0.0137492
0.0139232
0.0141653
0.0145973
0.0148073
0.0150534
0.0159674
0.0162164
0.0168564
0.0170034
0.0173965
0.0176785
0.0179155
0.0181526
0.0183266
0.0186886
0.0189736
0.0192017
0.0193487
0.0195137
0.0196697
0.0198168
0.0201178
0.0208048
0.0216318
0.0238218
0.0251419
0.00490198
0.00586323
0.00602827
0.00628329
0.00663135
0.00712644
0.00740849
0.00767255
0.00783758
0.00891266
0.00919471
0.00945876
0.00970479
0.00989681
0.0101249
0.0103349
0.010527
0.010848
0.0110311
0.0112771
0.0114421
0.0115892
0.0118712
0.0123992
0.0126363
0.0101916
0.0104136
0.0106176
0.0108037
0.0112808
0.0114908
0.0117808
0.0121769
0.0123239
0.0125069
0.012928
0.013252
0.013462
0.0136091
0.0140112
0.0142212
0.0144842
0.0146523
0.0148173
0.0150693
0.0152283
0.0156084
0.0158824
0.0162834
0.0167754
0.0170704
0.0173465
0.0175925
0.0178746
0.0181026
0.0183036
0.0185047
0.0187327
0.0190057
0.0192067
0.0194438
0.0196448
0.0199269
0.0201729
0.02032
0.02061
0.00518589
0.00550698
0.00633713
0.00648415
0.00692024
0.00706728
0.00737935
0.0076254
0.00798244
0.00834849
0.00859452
0.00879556
0.00914361
0.00986366
0.0101277
0.0103107
0.0105118
0.0106859
0.0108329
0.0110159
0.011271
0.011544
0.0118081
0.0119731
0.0121921
0.00876362
0.00984565
0.0102477
0.0105957
0.0107968
0.0112168
0.0114269
0.0118799
0.0120659
0.0122919
0.0125649
0.012985
0.013205
0.013382
0.0135291
0.0137481
0.0140811
0.0144592
0.0146472
0.0148512
0.0150873
0.0152893
0.0154993
0.0157443
0.0159663
0.0161134
0.0162604
0.0165734
0.0167955
0.0170325
0.0172605
0.0174706
0.0176266
0.0178817
0.0180648
0.0188188
0.0189658
0.0191918
0.0194468
0.0197289
0.0200109
0.00534309
0.00646822
0.00675026
0.0070323
0.00745237
0.00766242
0.00808246
0.00823848
0.00844853
0.00881462
0.00897967
0.0092437
0.00950774
0.00971777
0.00988279
0.0100568
0.0102579
0.0105219
0.010925
0.011294
0.011522
0.0117591
0.0119601
0.0121251
0.0122722
0.0063963
0.0127227
0.0130687
0.0133357
0.0136177
0.0141578
0.0143318
0.0145149
0.0147429
0.0149079
0.015145
0.015556
0.0157211
0.0159401
0.0161951
0.0164682
0.0166152
0.0169052
0.0173103
0.0174573
0.0176404
0.0178144
0.0180065
0.0181805
0.0185195
0.0187636
0.0189266
0.0191486
0.0193346
0.0196226
0.0199556
0.0202047
0.0204147
0.0208087
0.0210307
0.0212677
0.0222618
0.0224658
0.0227298
0.0228859
0.0231309
0.00586509
0.00602112
0.00617715
0.00640519
0.00657025
0.00679828
0.00725737
0.00765044
0.0078515
0.00812456
0.00836158
0.0085356
0.00871864
0.00888367
0.00930371
0.00953174
0.00971478
0.00986183
0.0100359
0.0102369
0.010429
0.011456
0.0117291
0.0120111
0.0121761
0.00867453
0.00977471
0.0100477
0.0102398
0.0110059
0.0114559
0.0118249
0.012017
0.012419
0.0127851
0.0130671
0.0133401
0.0134872
0.0136702
0.0139212
0.0141342
0.0150423
0.0151983
0.0153633
0.0156094
0.0157834
0.0159845
0.0164275
0.0166195
0.0168926
0.0170756
0.0174826
0.0176386
0.0178786
0.0181187
0.0183737
0.0186497
0.0189307
0.0191258
0.0194078
0.0196528
0.0198208
0.0200129
0.0201689
0.0209089
0.0211129
0.00592197
0.00632402
0.00649805
0.00690011
0.00707417
0.00840933
0.00864639
0.00888344
0.00905747
0.00927652
0.00950455
0.00971458
0.00996963
0.0106987
0.0108907
0.0111638
0.0114008
0.0118209
0.0120849
0.0122499
0.012487
0.012715
0.012916
0.0131441
0.0136931